0.0000000000000000 1.0000000000000000 1.0000000000000000 0.0000000000000000
0.0100000000000000 0.9801986733333333 1.0000000000000000 0.0198013266666667
0.0200000000000000 0.9607894392044267 0.9801986733067553 0.0198013266400886
0.0300000000000000 0.9417645336608564 0.9607894391523232 0.0198013266135105
0.0400000000000000 0.9231163464867568 0.9417645335842487 0.0198013265869326
0.0500000000000000 0.9048374181586326 0.9231163463866358 0.0198013265603546
0.0600000000000000 0.8869204368614503 0.9048374180359595 0.0198013265337765
0.0700000000000000 0.8693582355638140 0.8869204367171575 0.0198013265071985
0.0800000000000000 0.8521437891510579 0.8693582353988059 0.0198013264806205
0.0900000000000000 0.8352702116151067 0.8521437889662113 0.0198013264540425
0.1000000000000000 0.8187307532999802 0.8352702114112720 0.0198013264274644
0.1100000000000000 0.8025187982018412 0.8187307530779818 0.0198013264008863
0.1200000000000000 0.7866278613225058 0.8025187979624785 0.0198013263743083
0.1300000000000000 0.7710515860753575 0.7866278610665535 0.0198013263477304
0.1400000000000000 0.7557837417426279 0.7710515858035663 0.0198013263211523
0.1500000000000000 0.7408182209830264 0.7557837414557255 0.0198013262945744
0.1600000000000000 0.7261490373887226 0.7408182206817179 0.0198013262679964
0.1700000000000000 0.7117703230907030 0.7261490370736909 0.0198013262414184
0.1800000000000000 0.6976763264115451 0.7117703227626097 0.0198013262148402
0.1900000000000000 0.6838614095646701 0.6976763260710310 0.0198013261882623
0.2000000000000000 0.6703200463991530 0.6838614092123558 0.0198013261616842
0.2100000000000000 0.6570468201891883 0.6703200460356393 0.0198013261351062
0.2200000000000000 0.6440364214673275 0.6570468198150567 0.0198013261085281
0.2300000000000000 0.6312836459006219 0.6440364210831414 0.0198013260819502
0.2400000000000000 0.6187833922088194 0.6312836455069260 0.0198013260553721
0.2500000000000000 0.6065306601237844 0.6187833918061408 0.0198013260287941
0.2600000000000000 0.5945205483893244 0.6065306597126334 0.0198013260022160
0.2700000000000000 0.5827482528006216 0.5945205479701944 0.0198013259756381
0.2800000000000000 0.5712090642824872 0.5827482523739896 0.0198013259490600
0.2900000000000000 0.5598983670056686 0.5712090638488149 0.0198013259224820
0.3000000000000000 0.5488116365404562 0.5598983665654020 0.0198013258959040
0.3100000000000000 0.5379444380468507 0.5488116360940265 0.0198013258693261
0.3200000000000000 0.5272924245005686 0.5379444375946745 0.0198013258427479
0.3300000000000000 0.5168513349541741 0.5272924240430485 0.0198013258161699
0.3400000000000000 0.5066169928326437 0.5168513344916992 0.0198013257895919
0.3500000000000000 0.4965853042626802 0.5066169923655895 0.0198013257630138
0.3600000000000000 0.4867522564351088 0.4965853037914095 0.0198013257364358
0.3700000000000000 0.4771139159997002 0.4867522559599717 0.0198013257098579
0.3800000000000000 0.4676664274917776 0.4771139155210344 0.0198013256832798
0.3900000000000000 0.4584060117899799 0.4676664270099092 0.0198013256567017
0.4000000000000000 0.4493289646045627 0.4584060113052235 0.0198013256301236
0.4100000000000000 0.4404316549956326 0.4493289641172216 0.0198013256035455
0.4200000000000000 0.4317105239207235 0.4404316545059992 0.0198013255769675
0.4300000000000000 0.4231620828111314 0.4317105234290797 0.0198013255503896
0.4400000000000000 0.4147829121764411 0.4231620823177488 0.0198013255238115
0.4500000000000000 0.4065696602366841 0.4147829116815814 0.0198013254972335
0.4600000000000000 0.3985190415815819 0.4065696597405991 0.0198013254706555
0.4700000000000000 0.3906278358563380 0.3985190410845141 0.0198013254440774
0.4800000000000000 0.3828928864734537 0.3906278353585211 0.0198013254174993
0.4900000000000000 0.3753110993500499 0.3828928859751121 0.0198013253909215
0.5000000000000000 0.3678794416701937 0.3753110988513996 0.0198013253643435
0.5100000000000000 0.3605949406717313 0.3678794411714423 0.0198013253377655
0.5200000000000000 0.3534546824571430 0.3605949401730783 0.0198013253111874
0.5300000000000000 0.3464558108279462 0.3534546819587802 0.0198013252846094
0.5400000000000000 0.3395955261421771 0.3464558103300574 0.0198013252580313
0.5500000000000000 0.3328710841944973 0.3395955256449391 0.0198013252314533
0.5600000000000001 0.3262797951184746 0.3328710836980796 0.0198013252048753
0.5700000000000001 0.3198190223106006 0.3262797946230395 0.0198013251782973
0.5800000000000000 0.3134861813756145 0.3198190218163038 0.0198013251517191
0.5900000000000000 0.3072787390927100 0.3134861808826053 0.0198013251251414
0.6000000000000000 0.3011942124022138 0.3072787386011313 0.0198013250985634
0.6100000000000000 0.2952301674123282 0.3011942119122021 0.0198013250719854
0.6200000000000000 0.2893842184255420 0.2952301669240142 0.0198013250454073
0.6300000000000000 0.2836540269843198 0.2893842179390506 0.0198013250188291
0.6400000000000000 0.2780373009356878 0.2836540264997704 0.0198013249922513
0.6500000000000000 0.2725317935143419 0.2780373004531941 0.0198013249656732
0.6600000000000000 0.2671353024439119 0.2725317930340126 0.0198013249390952
0.6700000000000000 0.2618456690560212 0.2671353019658503 0.0198013249125170
0.6800000000000000 0.2566607774267910 0.2618456685803260 0.0198013248859392
0.6900000000000001 0.2515785535304425 0.2566607769535559 0.0198013248593611
0.7000000000000001 0.2465969644096587 0.2515785530597565 0.0198013248327829
0.7100000000000000 0.2417140173623747 0.2465969639416064 0.0198013248062049
0.7200000000000000 0.2369277591446700 0.2417140168970364 0.0198013247796271
0.7300000000000000 0.2322362751894450 0.2369277586821218 0.0198013247530490
0.7400000000000000 0.2276376888405690 0.2322362747297588 0.0198013247264710
0.7500000000000000 0.2231301606021918 0.2276376883838127 0.0198013246998929
0.7600000000000000 0.2187118874029220 0.2231301601484298 0.0198013246733148
0.7700000000000000 0.2143811018745735 0.2187118869522147 0.0198013246467368
0.7800000000000000 0.2101360716451952 0.2143811014269779 0.0198013246201588
0.7900000000000000 0.2059750986460986 0.2101360712007647 0.0198013245935807
0.8000000000000000 0.2018965184326083 0.2059750982048834 0.0198013245670026
0.8100000000000001 0.1978986995182616 0.2018965179946554 0.0198013245404245
0.8200000000000001 0.1939800427221919 0.1978986990836147 0.0198013245138465
0.8300000000000001 0.1901389805294359 0.1939800422908919 0.0198013244872685
0.8400000000000000 0.1863739764639055 0.1901389801015205 0.0198013244606903
0.8500000000000000 0.1826835244737781 0.1863739760394100 0.0198013244341125
0.8600000000000000 0.1790661483290548 0.1826835240527347 0.0198013244075344
0.8700000000000000 0.1755204010310494 0.1790661479114932 0.0198013243809564
0.8800000000000000 0.1720448642335693 0.1755204006169969 0.0198013243543783
0.8900000000000000 0.1686381476755581 0.1720448638230505 0.0198013243278003
0.9000000000000000 0.1652988886249728 0.1686381472685955 0.0198013243012222
0.9100000000000000 0.1620257513336727 0.1652988882215865 0.0198013242746443
0.9200000000000000 0.1588174265031026 0.1620257509338807 0.0198013242480661
0.9300000000000000 0.1556726307605553 0.1588174261069207 0.0198013242214881
0.9400000000000001 0.1525901061458062 0.1556726303679973 0.0198013241949102
0.9500000000000001 0.1495686196079117 0.1525901057568839 0.0198013241683321
0.9600000000000000 0.1466069625119731 0.1495686192226350 0.0198013241417539
0.9700000000000000 0.1437039501556658 0.1466069621303502 0.0198013241151760
0.9800000000000000 0.1408584212953430 0.1437039497777029 0.0198013240885979
0.9900000000000000 0.1380692376815230 0.1408584209210450 0.0198013240620199
1.0000000000000000 0.1353352836035735 0.1380692373108928 0.0198013240354420
1.0100000000000000 0.1326554654434132 0.1353352832366127 0.0198013240088639
1.0200000000000000 0.1300287112380494 0.1326554650801217 0.0198013239822857
1.0300000000000000 0.1274539702507791 0.1300287108784259 0.0198013239557077
1.0400000000000000 0.1249302125508799 0.1274539698948207 0.0198013239291297
1.0500000000000000 0.1224564286016238 0.1249302121985824 0.0198013239025516
1.0600000000000001 0.1200316288564497 0.1224564282529819 0.0198013238759736
1.0700000000000001 0.1176548433631310 0.1200316285114567 0.0198013238493955
1.0800000000000001 0.1153251213757822 0.1176548430217792 0.0198013238228175
1.0900000000000001 0.1130415309745473 0.1153251210380625 0.0198013237962394
1.1000000000000001 0.1108031586928202 0.1130415306404498 0.0198013237696614
1.1100000000000001 0.1086091091518452 0.1108031583623339 0.0198013237430834
1.1200000000000001 0.1064585047025538 0.1086091088249580 0.0198013237165053
1.1300000000000001 0.1043504850744937 0.1064585043792528 0.0198013236899273
1.1400000000000001 0.1022842070317085 0.1043504847547650 0.0198013236633491
1.1500000000000001 0.1002588440354327 0.1022842067155374 0.0198013236367711
1.1599999999999999 0.0982735859134647 0.1002588437228037 0.0198013236101930
1.1699999999999999 0.0963276385360875 0.0982735856043615 0.0198013235836153
1.1799999999999999 0.0944202234984058 0.0963276382304930 0.0198013235570374
1.1899999999999999 0.0925505778089742 0.0944202231963023 0.0198013235304593
1.2000000000000000 0.0907179535845899 0.0925505775103433 0.0198013235038814
1.2100000000000000 0.0889216177511300 0.0907179532894125 0.0198013234773032
1.2200000000000000 0.0871608517503114 0.0889216174593863 0.0198013234507252
1.2300000000000000 0.0854349512522586 0.0871608514619813 0.0198013234241472
1.2400000000000000 0.0837432258737618 0.0854349509673212 0.0198013233975691
1.2500000000000000 0.0820849989021150 0.0837432255921960 0.0198013233709910
1.2600000000000000 0.0804596070244213 0.0820849986238988 0.0198013233444130
1.2700000000000000 0.0788664000622591 0.0804596067495324 0.0198013233178350
1.2800000000000000 0.0773047407116023 0.0788663997906749 0.0198013232912569
1.2900000000000000 0.0757740042878899 0.0773047404432997 0.0198013232646788
1.3000000000000000 0.0742735784761440 0.0757740040228455 0.0198013232381008
1.3100000000000001 0.0728028630860355 0.0742735782143339 0.0198013232115228
1.3200000000000001 0.0713612698118003 0.0728028628274356 0.0198013231849447
1.3300000000000001 0.0699482219969087 0.0713612695563861 0.0198013231583667
1.3400000000000001 0.0685631544033954 0.0699482217446554 0.0198013231317887
1.3500000000000001 0.0672055129857567 0.0685631541542779 0.0198013231052106
1.3600000000000001 0.0658747546693248 0.0672055127397498 0.0198013230786326
1.3700000000000001 0.0645703471330310 0.0658747544264029 0.0198013230520545
1.3800000000000001 0.0632917685964698 0.0645703468931685 0.0198013230254764
1.3900000000000001 0.0620385076111800 0.0632917683596407 0.0198013229988984
1.4000000000000001 0.0608100628560585 0.0620385073773583 0.0198013229723203
1.4099999999999999 0.0596059429368252 0.0608100626252180 0.0198013229457423
1.4199999999999999 0.0584256661894584 0.0596059427089394 0.0198013229191647
1.4299999999999999 0.0572687604875233 0.0584256659645008 0.0198013228925865
1.4399999999999999 0.0561347630533148 0.0572687602654674 0.0198013228660085
1.4500000000000000 0.0550232202727402 0.0561347628341337 0.0198013228394304
1.4600000000000000 0.0539336875138677 0.0550232200564072 0.0198013228128523
1.4700000000000000 0.0528657289490677 0.0539336873003560 0.0198013227862743
1.4800000000000000 0.0518189173806757 0.0528657287383504 0.0198013227596963
1.4900000000000000 0.0507928340701080 0.0518189171727258 0.0198013227331182
1.5000000000000000 0.0497870685703600 0.0507928338648985 0.0198013227065402
1.5100000000000000 0.0488012185618225 0.0497870683678639 0.0198013226799622
1.5200000000000000 0.0478348896913485 0.0488012183620130 0.0198013226533841
1.5300000000000000 0.0468876954145061 0.0478348894941984 0.0198013226268061
1.5400000000000000 0.0459592568409563 0.0468876952199885 0.0198013226002279
1.5500000000000000 0.0450492025828913 0.0459592566490442 0.0198013225736499
1.5600000000000001 0.0441571686064746 0.0450492023935578 0.0198013225470719
1.5700000000000001 0.0432827980862228 0.0441571684196929 0.0198013225204939
1.5800000000000001 0.0424257412622701 0.0432827979019659 0.0198013224939159
1.5900000000000001 0.0415856553004604 0.0424257410805114 0.0198013224673380
1.6000000000000001 0.0407622041552086 0.0415856551211732 0.0198013224407598
1.6100000000000001 0.0399550584350779 0.0407622039783662 0.0198013224141819
1.6200000000000001 0.0391638952710192 0.0399550582606539 0.0198013223876038
1.6300000000000001 0.0383883981872186 0.0391638950989871 0.0198013223610257
1.6400000000000001 0.0376282569745034 0.0383883980175521 0.0198013223344476
1.6500000000000001 0.0368831675662540 0.0376282568071762 0.0198013223078696
1.6600000000000001 0.0361528319167732 0.0368831674012400 0.0198013222812915
1.6699999999999999 0.0354369578820641 0.0361528317540464 0.0198013222547137
1.6799999999999999 0.0347352591029684 0.0354369577215986 0.0198013222281359
1.6899999999999999 0.0340474548906192 0.0347352589447386 0.0198013222015579
1.7000000000000000 0.0333732701141615 0.0340474547345993 0.0198013221749797
1.7100000000000000 0.0327124350906961 0.0333732699603261 0.0198013221484016
1.7200000000000000 0.0320646854774031 0.0327124349390198 0.0198013221218238
1.7300000000000000 0.0314297621658011 0.0320646853278608 0.0198013220952456
1.7400000000000000 0.0308074111781004 0.0314297620183677 0.0198013220686676
1.7500000000000000 0.0301973835656085 0.0308074110327511 0.0198013220420896
1.7600000000000000 0.0295994353091473 0.0301973834223185 0.0198013220155116
1.7700000000000000 0.0290133272214420 0.0295994351678920 0.0198013219889335
1.7800000000000000 0.0284388248514433 0.0290133270821971 0.0198013219623554
1.7900000000000000 0.0278756983905438 0.0284388247141845 0.0198013219357773
1.8000000000000000 0.0273237225806512 0.0278756982552470 0.0198013219091993
1.8100000000000001 0.0267826766240823 0.0273237224472926 0.0198013218826212
1.8200000000000001 0.0262523440952412 0.0267826764926382 0.0198013218560433
1.8300000000000001 0.0257325128540456 0.0262523439656880 0.0198013218294652
1.8400000000000001 0.0252229749610684 0.0257325127263599 0.0198013218028870
1.8500000000000001 0.0247235265943591 0.0252229748352272 0.0198013217763091
1.8600000000000001 0.0242339679679122 0.0247235264703394 0.0198013217497311
1.8700000000000001 0.0237541032517500 0.0242339678456911 0.0198013217231529
1.8800000000000001 0.0232837404935884 0.0237541031313050 0.0198013216965750
1.8900000000000001 0.0228226915420530 0.0232837403748970 0.0198013216699970
1.9000000000000001 0.0223707719714162 0.0228226914250930 0.0198013216434189
1.9100000000000001 0.0219278010078247 0.0223707718561656 0.0198013216168409
1.9199999999999999 0.0214936014569871 0.0219278008942616 0.0198013215902629
1.9299999999999999 0.0210679996332941 0.0214936013450899 0.0198013215636854
1.9399999999999999 0.0206508252903421 0.0210679995230414 0.0198013215371074
1.9500000000000000 0.0202419115528317 0.0206508251817126 0.0198013215105294
1.9600000000000000 0.0198410948498163 0.0202419114458044 0.0198013214839513
1.9700000000000000 0.0194482148492708 0.0198410947443703 0.0198013214573731
1.9800000000000000 0.0190631143939569 0.0194482147453854 0.0198013214307950
1.9900000000000000 0.0186856394385581 0.0190631142916116 0.0198013214042171
2.0000000000000000 0.0183156389880597 0.0186856393377328 0.0198013213776391
2.0100000000000002 0.0179529650373484 0.0183156388887342 0.0198013213510609
2.0200000000000000 0.0175974725120086 0.0179529649395028 0.0198013213244825
2.0300000000000002 0.0172490192102906 0.0175974724156234 0.0198013212979049
2.0400000000000000 0.0169074657462280 0.0172490191153463 0.0198013212713265
2.0499999999999998 0.0165726754938815 0.0169074656527053 0.0198013212447489
2.0600000000000001 0.0162445145326865 0.0165726754017613 0.0198013212181713
2.0699999999999998 0.0159228515938834 0.0162445144419499 0.0198013211915928
2.0800000000000001 0.0156075580080080 0.0159228515045117 0.0198013211650153
2.0899999999999999 0.0152985076534225 0.0156075579199828 0.0198013211384367
2.1000000000000001 0.0149955769058646 0.0152985075667255 0.0198013211118590
2.1099999999999999 0.0146986445889964 0.0149955768204777 0.0198013210852806
2.1200000000000001 0.0144075919259325 0.0146986445049018 0.0198013210587030
2.1299999999999999 0.0141223024917271 0.0144075918431123 0.0198013210321244
2.1400000000000001 0.0138426621668029 0.0141223024101640 0.0198013210055469
2.1499999999999999 0.0135685590913017 0.0138426620864795 0.0198013209789684
2.1600000000000001 0.0132998836203389 0.0135685590122009 0.0198013209523908
2.1699999999999999 0.0130365282801439 0.0132998835424438 0.0198013209258123
2.1800000000000002 0.0127783877250695 0.0130365282034377 0.0198013208992347
2.1899999999999999 0.0125253586954521 0.0127783876495358 0.0198013208726562
2.2000000000000002 0.0122773399763063 0.0125253586210744 0.0198013208460786
2.2100000000000000 0.0120342323568377 0.0122773399030684 0.0198013208195000
2.2200000000000002 0.0117959385907574 0.0120342322847238 0.0198013207929225
2.2300000000000000 0.0115623633573819 0.0117959385197516 0.0198013207663441
2.2400000000000002 0.0113334132235037 0.0115623632874685 0.0198013207397665
2.2500000000000000 0.0111089966060168 0.0113334131546674 0.0198013207131879
2.2600000000000002 0.0108890237352821 0.0111089965382423 0.0198013206866103
2.2700000000000000 0.0106734066192187 0.0108890236685544 0.0198013206600318
2.2800000000000002 0.0104620590081054 0.0106734065535229 0.0198013206334542
2.2900000000000000 0.0102548963600800 0.0104620589434268 0.0198013206068758
2.3000000000000003 0.0100518358073212 0.0102548962964040 0.0198013205802982
2.3100000000000001 0.0098527961229007 0.0100518357446336 0.0198013205537196
2.3199999999999998 0.0096576976882911 0.0098527960611873 0.0198013205271421
2.3300000000000001 0.0094664624615174 0.0096576976275378 0.0198013205005644
2.3399999999999999 0.0092790139459391 0.0094664624017103 0.0198013204739860
2.3500000000000001 0.0090952771596510 0.0092790138870647 0.0198013204474084
2.3599999999999999 0.0089151786054889 0.0090952771016958 0.0198013204208299
2.3700000000000001 0.0087386462416299 0.0089151785484396 0.0198013203942524
2.3799999999999999 0.0085656094527750 0.0087386461854733 0.0198013203676739
2.3900000000000001 0.0083959990219015 0.0085656093974981 0.0198013203410962
2.3999999999999999 0.0082297471025758 0.0083959989674915 0.0198013203145178
2.4100000000000001 0.0080667871918137 0.0082297470490200 0.0198013202879402
2.4199999999999999 0.0079070541034781 0.0080667871390996 0.0198013202613616
2.4300000000000002 0.0077504839422041 0.0079070540515934 0.0198013202347840
2.4399999999999999 0.0075970140778398 0.0077504838911367 0.0198013202082056
2.4500000000000002 0.0074465831203932 0.0075970140275776 0.0198013201816279
2.4600000000000000 0.0072991308954758 0.0074465830709243 0.0198013201550495
2.4700000000000002 0.0071545984202317 0.0072991308467886 0.0198013201284719
2.4800000000000000 0.0070129278797439 0.0071545983723146 0.0198013201018934
2.4900000000000002 0.0068740626039073 0.0070129278325854 0.0198013200753158
2.5000000000000000 0.0067379470447602 0.0068740625574962 0.0198013200487373
2.5100000000000002 0.0066045267542642 0.0067379469990855 0.0198013200221597
2.5200000000000000 0.0064737483625243 0.0066045267093148 0.0198013199955813
2.5300000000000002 0.0063455595564402 0.0064737483182894 0.0198013199690036
2.5400000000000000 0.0062199090587803 0.0063455595129091 0.0198013199424251
2.5500000000000003 0.0060967466076704 0.0062199090159426 0.0198013199158475
2.5600000000000001 0.0059760229364881 0.0060967465655156 0.0198013198892690
2.5699999999999998 0.0058576897541552 0.0059760228950059 0.0198013198626914
2.5800000000000001 0.0057416997258211 0.0058576897133356 0.0198013198361138
2.5899999999999999 0.0056280064539283 0.0057416996856542 0.0198013198095353
2.6000000000000001 0.0055165644596519 0.0056280064144041 0.0198013197829577
2.6099999999999999 0.0054073291647086 0.0055165644207608 0.0198013197563793
2.6200000000000001 0.0053002568735240 0.0054073291264410 0.0198013197298017
2.6299999999999999 0.0051953047557541 0.0053002568358704 0.0198013197032231
2.6400000000000001 0.0050924308291526 0.0051953047187052 0.0198013196766456
2.6499999999999999 0.0049915939427771 0.0050924307926992 0.0198013196500670
2.6600000000000001 0.0048927537605288 0.0049915939069102 0.0198013196234894
2.6699999999999999 0.0047958707450170 0.0048927537252395 0.0198013195969110
2.6800000000000002 0.0047009061417438 0.0047958707102964 0.0198013195703334
2.6899999999999999 0.0046078219636018 0.0047009061075833 0.0198013195437548
2.7000000000000002 0.0045165809756787 0.0046078219299928 0.0198013195171771
2.7100000000000000 0.0044271466803628 0.0045165809426127 0.0198013194905987
2.7200000000000002 0.0043394833027437 0.0044271466478315 0.0198013194640212
2.7300000000000000 0.0042535557763016 0.0043394832707389 0.0198013194374427
2.7400000000000002 0.0041693297288801 0.0042535557448151 0.0198013194108650
2.7500000000000000 0.0040867714689375 0.0041693296979041 0.0198013193842866
2.7600000000000002 0.0040058479720691 0.0040867714384641 0.0198013193577089
2.7700000000000000 0.0039265268677971 0.0040058479420904 0.0198013193311305
2.7800000000000002 0.0038487764266224 0.0039265268383056 0.0198013193045529
2.7900000000000000 0.0037725655473319 0.0038487763976105 0.0198013192779744
2.8000000000000003 0.0036978637445578 0.0037725655187922 0.0198013192513968
2.8100000000000001 0.0036246411365830 0.0036978637164829 0.0198013192248183
2.8199999999999998 0.0035528684333881 0.0036246411089658 0.0198013191982406
2.8300000000000001 0.0034825169249349 0.0035528684062214 0.0198013191716630
2.8399999999999999 0.0034135584696820 0.0034825168982117 0.0198013191450845
2.8500000000000001 0.0033459654833281 0.0034135584433954 0.0198013191185068
2.8599999999999999 0.0032797109277773 0.0033459654574713 0.0198013190919284
2.8700000000000001 0.0032147683003242 0.0032797109023436 0.0198013190653509
2.8799999999999999 0.0031511116230518 0.0032147682753069 0.0198013190387723
2.8900000000000001 0.0030887154324406 0.0031511115984444 0.0198013190121948
2.8999999999999999 0.0030275547691825 0.0030887154082368 0.0198013189856162
2.9100000000000001 0.0029676051681967 0.0030275547453758 0.0198013189590386
2.9199999999999999 0.0029088426488435 0.0029676051447809 0.0198013189324601
2.9300000000000002 0.0028512437053318 0.0029088426258126 0.0198013189058825
2.9399999999999999 0.0027947852973163 0.0028512436826796 0.0198013188793041
2.9500000000000002 0.0027394448406809 0.0027947852750368 0.0198013188527265
2.9600000000000000 0.0026852001985053 0.0027394448187684 0.0198013188261481
2.9700000000000002 0.0026320296722093 0.0026852001769538 0.0198013187995705
2.9800000000000000 0.0025799119928735 0.0026320296510132 0.0198013187729921
2.9900000000000002 0.0025288263127314 0.0025799119720272 0.0198013187464143
3.0000000000000000 0.0024787521968297 0.0025288262922293 0.0198013187198358
3.0100000000000002 0.0024296696148546 0.0024787521766664 0.0198013186932583
3.0200000000000000 0.0023815589331188 0.0024296695950246 0.0198013186666798
3.0300000000000002 0.0023344009067082 0.0023815589136169 0.0198013186401023
3.0400000000000000 0.0022881766717835 0.0023344008875291 0.0198013186135238
3.0500000000000003 0.0022428677380344 0.0022881766529222 0.0198013185869462
3.0600000000000001 0.0021984559812835 0.0022428677194858 0.0198013185603677
3.0700000000000003 0.0021549236362358 0.0021984559630425 0.0198013185337902
3.0800000000000001 0.0021122532893730 0.0021549236182976 0.0198013185072116
3.0899999999999999 0.0020704278719874 0.0021122532717327 0.0198013184806340
3.1000000000000001 0.0020294306533544 0.0020704278546403 0.0198013184540563
3.1099999999999999 0.0019892452340400 0.0020294306362957 0.0198013184274778
3.1200000000000001 0.0019498555393406 0.0019892452172652 0.0198013184009001
3.1299999999999999 0.0019112458128533 0.0019498555228451 0.0198013183743216
3.1400000000000001 0.0018734006101727 0.0019112457966326 0.0198013183477439
3.1499999999999999 0.0018363047927132 0.0018734005942224 0.0198013183211655
3.1600000000000001 0.0017999435216531 0.0018363047770289 0.0198013182945879
3.1699999999999999 0.0017643022519993 0.0017999435062306 0.0198013182680094
3.1800000000000002 0.0017293667267687 0.0017643022368343 0.0198013182414317
3.1899999999999999 0.0016951229712855 0.0017293667118572 0.0198013182148533
3.2000000000000002 0.0016615572875909 0.0016951229566233 0.0198013181882757
3.2100000000000000 0.0016286562489639 0.0016615572731739 0.0198013181616972
3.2200000000000002 0.0015964066945505 0.0016286562347883 0.0198013181351196
3.2300000000000000 0.0015647957240988 0.0015964066806122 0.0198013181085412
3.2400000000000002 0.0015338106927994 0.0015647957103942 0.0198013180819635
3.2500000000000000 0.0015034392062264 0.0015338106793245 0.0198013180553850
3.2600000000000002 0.0014736691153804 0.0015034391929776 0.0198013180288074
3.2700000000000000 0.0014444885118282 0.0014736691023540 0.0198013180022290
3.2800000000000002 0.0014158857229393 0.0014444884990205 0.0198013179756513
3.2900000000000000 0.0013878493072167 0.0014158857103468 0.0198013179490729
3.3000000000000003 0.0013603680497204 0.0013878492948359 0.0198013179224953
3.3100000000000001 0.0013334309575810 0.0013603680375479 0.0198013178959168
3.3200000000000003 0.0013070272556025 0.0013334309456134 0.0198013178693391
3.3300000000000001 0.0012811463819520 0.0013070272438364 0.0198013178427606
3.3399999999999999 0.0012557779839352 0.0012811463703842 0.0198013178161830
3.3500000000000001 0.0012309119138545 0.0012557779725624 0.0198013177896055
3.3599999999999999 0.0012065382249504 0.0012309119026735 0.0198013177630271
3.3700000000000001 0.0011826471674223 0.0012065382139580 0.0198013177364493
3.3799999999999999 0.0011592291845288 0.0011826471566156 0.0198013177098708
3.3900000000000001 0.0011362749087644 0.0011592291739046 0.0198013176832932
3.3999999999999999 0.0011137751581128 0.0011362748983198 0.0198013176567147
3.4100000000000001 0.0010917209323738 0.0011137751478448 0.0198013176301371
3.4199999999999999 0.0010701034095630 0.0010917209222795 0.0198013176035585
3.4300000000000002 0.0010489139423831 0.0010701033996396 0.0198013175769810
3.4399999999999999 0.0010281440547648 0.0010489139326278 0.0198013175504024
3.4500000000000002 0.0010077854384760 0.0010281440451747 0.0198013175238248
3.4600000000000000 0.0009878299497988 0.0010077854290485 0.0198013174972464
3.4700000000000002 0.0009682696062717 0.0009878299405312 0.0198013174706686
3.4800000000000000 0.0009490965834965 0.0009682695971614 0.0198013174440902
3.4900000000000002 0.0009303032120085 0.0009490965745409 0.0198013174175125
3.5000000000000000 0.0009118819742085 0.0009303032032049 0.0198013173909341
3.5100000000000002 0.0008938255013557 0.0009118819655545 0.0198013173643565
3.5200000000000000 0.0008761265706204 0.0008938254928489 0.0198013173377780
3.5300000000000002 0.0008587781021942 0.0008761265622582 0.0198013173112004
3.5400000000000000 0.0008417731564585 0.0008587780939743 0.0198013172846219
3.5500000000000003 0.0008251049312082 0.0008417731483785 0.0198013172580443
3.5600000000000001 0.0008087667589311 0.0008251049232659 0.0198013172314658
3.5700000000000003 0.0007927521041403 0.0008087667511241 0.0198013172048881
3.5800000000000001 0.0007770545607606 0.0007927520964665 0.0198013171783096
3.5899999999999999 0.0007616678495651 0.0007770545532176 0.0198013171517321
3.6000000000000001 0.0007465858156644 0.0007616678421508 0.0198013171251545
3.6099999999999999 0.0007318024260437 0.0007465858083767 0.0198013170985760
3.6200000000000001 0.0007173117671502 0.0007318024188805 0.0198013170719985
3.6299999999999999 0.0007031080425270 0.0007173117601093 0.0198013170454199
3.6400000000000001 0.0006891855704949 0.0007031080356065 0.0198013170188423
3.6499999999999999 0.0006755387818796 0.0006891855636928 0.0198013169922639
3.6600000000000001 0.0006621622177836 0.0006755387751938 0.0198013169656863
3.6699999999999999 0.0006490505274030 0.0006621622112123 0.0198013169391078
3.6800000000000002 0.0006361984658867 0.0006490505209441 0.0198013169125302
3.6899999999999999 0.0006236008922388 0.0006361984595385 0.0198013168859517
3.7000000000000002 0.0006112527672620 0.0006236008859994 0.0198013168593741
3.7100000000000000 0.0005991491515415 0.0006112527611296 0.0198013168327955
3.7200000000000002 0.0005872852034698 0.0005991491455143 0.0198013168062181
3.7300000000000000 0.0005756561773094 0.0005872851975460 0.0198013167796395
3.7400000000000002 0.0005642574212948 0.0005756561714873 0.0198013167530619
3.7500000000000000 0.0005530843757717 0.0005642574155727 0.0198013167264834
3.7600000000000002 0.0005421325713728 0.0005530843701478 0.0198013166999059
3.7700000000000000 0.0005313976272304 0.0005421325658456 0.0198013166733274
3.7800000000000002 0.0005208752492237 0.0005313976217983 0.0198013166467497
3.7900000000000000 0.0005105612282612 0.0005208752438850 0.0198013166201712
3.8000000000000003 0.0005004514385971 0.0005105612230144 0.0198013165935936
3.8100000000000001 0.0004905418361806 0.0005004514334406 0.0198013165670151
3.8200000000000003 0.0004808284570388 0.0004905418311130 0.0198013165404376
3.8300000000000001 0.0004713074156903 0.0004808284520584 0.0198013165138590
3.8399999999999999 0.0004619749035918 0.0004713074107958 0.0198013164872814
3.8500000000000001 0.0004528271876140 0.0004619748987817 0.0198013164607037
3.8599999999999999 0.0004438606085485 0.0004528271828868 0.0198013164341251
3.8700000000000001 0.0004350715796441 0.0004438606039029 0.0198013164075475
3.8799999999999999 0.0004264565851722 0.0004350715750787 0.0198013163809691
3.8900000000000001 0.0004180121790201 0.0004264565806857 0.0198013163543915
3.8999999999999999 0.0004097349833127 0.0004180121746110 0.0198013163278130
3.9100000000000001 0.0004016216870613 0.0004097349789798 0.0198013163012355
3.9199999999999999 0.0003936690448394 0.0004016216828034 0.0198013162746569
3.9300000000000002 0.0003858738754840 0.0003936690406551 0.0198013162480793
3.9399999999999999 0.0003782330608234 0.0003858738713721 0.0198013162215007
3.9500000000000002 0.0003707435444299 0.0003782330567826 0.0198013161949231
3.9600000000000000 0.0003634023303971 0.0003707435404591 0.0198013161683446
3.9700000000000002 0.0003562064821415 0.0003634023264950 0.0198013161417671
3.9800000000000000 0.0003491531212278 0.0003562064783070 0.0198013161151885
3.9900000000000002 0.0003422394262177 0.0003491531174598 0.0198013160886109
4.0000000000000000 0.0003354626315409 0.0003422394225150 0.0198013160620323
4.0099999999999998 0.0003288200263893 0.0003354626279025 0.0198013160354548
4.0200000000000005 0.0003223089536323 0.0003288200228140 0.0198013160088771
4.0300000000000002 0.0003159268087538 0.0003223089501190 0.0198013159822978
4.0400000000000000 0.0003096710388109 0.0003159268053016 0.0198013159557202
4.0499999999999998 0.0003035391414122 0.0003096710354186 0.0198013159291426
4.0600000000000005 0.0002975286637170 0.0003035391380789 0.0198013159025649
4.0700000000000003 0.0002916372014540 0.0002975286604416 0.0198013158759855
4.0800000000000001 0.0002858623979599 0.0002916371982356 0.0198013158494080
4.0899999999999999 0.0002802019432362 0.0002858623947974 0.0198013158228305
4.0999999999999996 0.0002746535730255 0.0002802019401287 0.0198013157962528
4.1100000000000003 0.0002692150679059 0.0002746535699721 0.0198013157696753
4.1200000000000001 0.0002638842524027 0.0002692150649057 0.0198013157430960
4.1299999999999999 0.0002586589941186 0.0002638842494547 0.0198013157165184
4.1399999999999997 0.0002535372028808 0.0002586589912221 0.0198013156899409
4.1500000000000004 0.0002485168299044 0.0002535372000347 0.0198013156633632
4.1600000000000001 0.0002435958669733 0.0002485168271080 0.0198013156367839
4.1699999999999999 0.0002387723456367 0.0002435958642256 0.0198013156102063
4.1799999999999997 0.0002340443364218 0.0002387723429370 0.0198013155836287
4.1900000000000004 0.0002294099480619 0.0002340443337692 0.0198013155570510
4.2000000000000002 0.0002248673267397 0.0002294099454555 0.0198013155304716
4.2100000000000000 0.0002204146553463 0.0002248673241788 0.0198013155038941
4.2199999999999998 0.0002160501527536 0.0002204146528301 0.0198013154773164
4.2300000000000004 0.0002117720731026 0.0002160501502815 0.0198013154507389
4.2400000000000002 0.0002075787051042 0.0002117720706736 0.0198013154241595
4.2500000000000000 0.0002034683713554 0.0002075787027177 0.0198013153975818
4.2599999999999998 0.0001994394276678 0.0002034683690106 0.0198013153710042
4.2700000000000005 0.0001954902624104 0.0001994394253641 0.0198013153444264
4.2800000000000002 0.0001916192958642 0.0001954902601470 0.0198013153178472
4.2900000000000000 0.0001878249795912 0.0001916192936405 0.0198013152912696
4.2999999999999998 0.0001841057958141 0.0001878249774064 0.0198013152646918
4.3100000000000005 0.0001804602568100 0.0001841057936676 0.0198013152381142
4.3200000000000003 0.0001768869043146 0.0001804602547010 0.0198013152115348
4.3300000000000001 0.0001733843089392 0.0001768869022426 0.0198013151849573
4.3399999999999999 0.0001699510695990 0.0001733843069035 0.0198013151583798
4.3500000000000005 0.0001665858129525 0.0001699510675990 0.0198013151318020
4.3600000000000003 0.0001632871928522 0.0001665858109876 0.0198013151052228
4.3700000000000001 0.0001600538898061 0.0001632871909218 0.0198013150786451
4.3799999999999999 0.0001568846104497 0.0001600538879095 0.0198013150520675
4.3899999999999997 0.0001537780870293 0.0001568846085865 0.0198013150254898
4.4000000000000004 0.0001507330768938 0.0001537780851988 0.0198013149989123
4.4100000000000001 0.0001477483619988 0.0001507330750955 0.0198013149723330
4.4199999999999999 0.0001448227484184 0.0001477483602320 0.0198013149457553
4.4299999999999997 0.0001419550658682 0.0001448227466827 0.0198013149191777
4.4400000000000004 0.0001391441672369 0.0001419550641630 0.0198013148926002
4.4500000000000002 0.0001363889281277 0.0001391441655618 0.0198013148660207
4.4600000000000000 0.0001336882464081 0.0001363889264820 0.0198013148394431
4.4699999999999998 0.0001310410417695 0.0001336882447914 0.0198013148128657
4.4800000000000004 0.0001284462552947 0.0001310410401812 0.0198013147862880
4.4900000000000002 0.0001259028490345 0.0001284462537344 0.0198013147597088
4.5000000000000000 0.0001234098055925 0.0001259028475017 0.0198013147331312
4.5099999999999998 0.0001209661277181 0.0001234098040867 0.0198013147065536
4.5200000000000005 0.0001185708379075 0.0001209661262388 0.0198013146799759
4.5300000000000002 0.0001162229780130 0.0001185708364543 0.0198013146533965
4.5400000000000000 0.0001139216088592 0.0001162229765854 0.0198013146268189
4.5499999999999998 0.0001116658098678 0.0001139216074568 0.0198013146002413
4.5600000000000005 0.0001094546786891 0.0001116658084901 0.0198013145736637
4.5700000000000003 0.0001072873308412 0.0001094546773357 0.0198013145470843
4.5800000000000001 0.0001051628993560 0.0001072873295117 0.0198013145205066
4.5899999999999999 0.0001030805344326 0.0001051628980500 0.0198013144939290
4.6000000000000005 0.0001010394030973 0.0001030805331497 0.0198013144673514
4.6100000000000003 0.0000990386888704 0.0001010394018371 0.0198013144407720
4.6200000000000001 0.0000970775914394 0.0000990386876324 0.0198013144141945
4.6299999999999999 0.0000951553263393 0.0000970775902233 0.0198013143876168
4.6399999999999997 0.0000932711246384 0.0000951553251447 0.0198013143610392
4.6500000000000004 0.0000914242326309 0.0000932711234649 0.0198013143344616
4.6600000000000001 0.0000896139115353 0.0000914242314782 0.0198013143078823
4.6699999999999999 0.0000878394371991 0.0000896139104030 0.0198013142813047
4.6799999999999997 0.0000861000998089 0.0000878394360868 0.0198013142547270
4.6900000000000004 0.0000843952036066 0.0000861000987163 0.0198013142281494
4.7000000000000002 0.0000827240666109 0.0000843952025333 0.0198013142015701
4.7100000000000000 0.0000810860203447 0.0000827240655566 0.0198013141749925
4.7199999999999998 0.0000794804095678 0.0000810860193092 0.0198013141484149
4.7300000000000004 0.0000779065920143 0.0000794804085506 0.0198013141218372
4.7400000000000002 0.0000763639381364 0.0000779065910151 0.0198013140952580
4.7500000000000000 0.0000748518308518 0.0000763639371549 0.0198013140686803
4.7599999999999998 0.0000733696652975 0.0000748518298877 0.0198013140421028
4.7700000000000005 0.0000719168485875 0.0000733696643505 0.0198013140155250
4.7800000000000002 0.0000704927995758 0.0000719168476573 0.0198013139889456
4.7900000000000000 0.0000690969486237 0.0000704927986621 0.0198013139623679
4.7999999999999998 0.0000677287373724 0.0000690969477263 0.0198013139357904
4.8100000000000005 0.0000663876185189 0.0000677287364909 0.0198013139092128
4.8200000000000003 0.0000650730555980 0.0000663876176531 0.0198013138826334
4.8300000000000001 0.0000637845227669 0.0000650730547475 0.0198013138560559
4.8399999999999999 0.0000625215045953 0.0000637845219316 0.0198013138294784
4.8500000000000005 0.0000612834958591 0.0000625215037748 0.0198013138029007
4.8600000000000003 0.0000600700013384 0.0000612834950532 0.0198013137763212
4.8700000000000001 0.0000588805356190 0.0000600700005468 0.0198013137497437
4.8799999999999999 0.0000577146228989 0.0000588805348415 0.0198013137231661
4.8899999999999997 0.0000565717967974 0.0000577146221352 0.0198013136965884
4.9000000000000004 0.0000554516001689 0.0000565717960473 0.0198013136700108
4.9100000000000001 0.0000543535849198 0.0000554515994322 0.0198013136434315
4.9199999999999999 0.0000532773118293 0.0000543535841962 0.0198013136168538
4.9299999999999997 0.0000522223503738 0.0000532773111185 0.0198013135902763
4.9400000000000004 0.0000511882785548 0.0000522223496757 0.0198013135636986
4.9500000000000002 0.0000501746827296 0.0000511882778691 0.0198013135371192
4.9600000000000000 0.0000491811574465 0.0000501746820562 0.0198013135105416
4.9699999999999998 0.0000482073052820 0.0000491811567851 0.0198013134839640
4.9800000000000004 0.0000472527366824 0.0000482073046324 0.0198013134573864
4.9900000000000002 0.0000463170698075 0.0000472527360444 0.0198013134308071
5.0000000000000000 0.0000453999303780 0.0000463170691808 0.0198013134042295
5.0099999999999998 0.0000445009515259 0.0000453999297625 0.0198013133776519
5.0200000000000005 0.0000436197736478 0.0000445009509214 0.0198013133510742
5.0300000000000002 0.0000427560442607 0.0000436197730541 0.0198013133244949
5.0400000000000000 0.0000419094178613 0.0000427560436775 0.0198013132979174
5.0499999999999998 0.0000410795557878 0.0000419094172886 0.0198013132713398
5.0600000000000005 0.0000402661260843 0.0000410795552253 0.0198013132447620
5.0700000000000003 0.0000394688033681 0.0000402661255319 0.0198013132181826
5.0800000000000001 0.0000386872686995 0.0000394688028255 0.0198013131916051
5.0899999999999999 0.0000379212094541 0.0000386872681666 0.0198013131650273
5.1000000000000005 0.0000371703191981 0.0000379212089308 0.0198013131384498
5.1100000000000003 0.0000364342975654 0.0000371703186841 0.0198013131118705
5.1200000000000001 0.0000357128501374 0.0000364342970606 0.0198013130852928
5.1299999999999999 0.0000350056883257 0.0000357128496416 0.0198013130587153
5.1399999999999997 0.0000343125292559 0.0000350056878387 0.0198013130321375
5.1500000000000004 0.0000336330956554 0.0000343125287777 0.0198013130055600
5.1600000000000001 0.0000329671157415 0.0000336330951857 0.0198013129789806
5.1699999999999999 0.0000323143231134 0.0000329671152802 0.0198013129524030
5.1799999999999997 0.0000316744566455 0.0000323143226604 0.0198013129258255
5.1900000000000004 0.0000310472603824 0.0000316744562006 0.0198013128992476
5.2000000000000002 0.0000304324834375 0.0000310472599455 0.0198013128726684
5.2100000000000000 0.0000298298798917 0.0000304324830084 0.0198013128460907
5.2199999999999998 0.0000292392086955 0.0000298298794703 0.0198013128195131
5.2300000000000004 0.0000286602335727 0.0000292392082817 0.0198013127929355
5.2400000000000002 0.0000280927229253 0.0000286602331662 0.0198013127663562
5.2500000000000000 0.0000275364497417 0.0000280927225262 0.0198013127397785
5.2599999999999998 0.0000269911915052 0.0000275364493497 0.0198013127132008
5.2700000000000005 0.0000264567301050 0.0000269911911202 0.0198013126866233
5.2800000000000002 0.0000259328517497 0.0000264567297270 0.0198013126600439
5.2900000000000000 0.0000254193468808 0.0000259328513784 0.0198013126334663
5.2999999999999998 0.0000249160100896 0.0000254193465162 0.0198013126068886
5.3100000000000005 0.0000244226400346 0.0000249160097315 0.0198013125803110
5.3200000000000003 0.0000239390393612 0.0000244226396829 0.0198013125537316
5.3300000000000001 0.0000234650146227 0.0000239390390158 0.0198013125271540
5.3399999999999999 0.0000230003762029 0.0000234650142836 0.0198013125005763
5.3500000000000005 0.0000225449382403 0.0000230003758699 0.0198013124739987
5.3600000000000003 0.0000220985185535 0.0000225449379132 0.0198013124474193
5.3700000000000001 0.0000216609385688 0.0000220985182323 0.0198013124208417
5.3799999999999999 0.0000212320232483 0.0000216609382534 0.0198013123942641
5.3899999999999997 0.0000208116010201 0.0000212320229385 0.0198013123676865
5.4000000000000004 0.0000203995037099 0.0000208116007160 0.0198013123411090
5.4100000000000001 0.0000199955664731 0.0000203995034112 0.0198013123145295
5.4199999999999999 0.0000195996277294 0.0000199955661797 0.0198013122879520
5.4299999999999997 0.0000192115290982 0.0000195996274414 0.0198013122613743
5.4400000000000004 0.0000188311153348 0.0000192115288154 0.0198013122347967
5.4500000000000002 0.0000184582342685 0.0000188311150570 0.0198013122082173
5.4600000000000000 0.0000180927367421 0.0000184582339958 0.0198013121816397
5.4699999999999998 0.0000177344765516 0.0000180927364742 0.0198013121550620
5.4800000000000004 0.0000173833103881 0.0000177344762885 0.0198013121284845
5.4900000000000002 0.0000170390977806 0.0000173833101298 0.0198013121019050
5.5000000000000000 0.0000167017010393 0.0000170390975269 0.0198013120753275
5.5099999999999998 0.0000163709852012 0.0000167017007902 0.0198013120487499
5.5200000000000005 0.0000160468179753 0.0000163709849566 0.0198013120221722
5.5300000000000002 0.0000157290696906 0.0000160468177352 0.0198013119955928
5.5400000000000000 0.0000154176132435 0.0000157290694548 0.0198013119690152
5.5499999999999998 0.0000151123240473 0.0000154176130119 0.0198013119424376
5.5600000000000005 0.0000148130799821 0.0000151123238199 0.0198013119158598
5.5700000000000003 0.0000145197613465 0.0000148130797588 0.0198013118892805
5.5800000000000001 0.0000142322508089 0.0000145197611272 0.0198013118627028
5.5899999999999999 0.0000139504333614 0.0000142322505936 0.0198013118361252
5.6000000000000005 0.0000136741962733 0.0000139504331500 0.0198013118095474
5.6100000000000003 0.0000134034290460 0.0000136741960657 0.0198013117829681
5.6200000000000001 0.0000131380233690 0.0000134034288421 0.0198013117563905
5.6299999999999999 0.0000128778730765 0.0000131380231688 0.0198013117298129
5.6399999999999997 0.0000126228741050 0.0000128778728799 0.0198013117032353
5.6500000000000004 0.0000123729244513 0.0000126228739119 0.0198013116766577
5.6600000000000001 0.0000121279241325 0.0000123729242618 0.0198013116500784
5.6699999999999999 0.0000118877751449 0.0000121279239463 0.0198013116235009
5.6799999999999997 0.0000116523814259 0.0000118877749622 0.0198013115969232
5.6900000000000004 0.0000114216488149 0.0000116523812465 0.0198013115703455
5.7000000000000002 0.0000111954850156 0.0000114216486387 0.0198013115437662
5.7100000000000000 0.0000109737995596 0.0000111954848426 0.0198013115171886
5.7199999999999998 0.0000107565037698 0.0000109737993897 0.0198013114906109
5.7300000000000004 0.0000105435107248 0.0000107565036030 0.0198013114640333
5.7400000000000002 0.0000103347352248 0.0000105435105610 0.0198013114374540
5.7500000000000000 0.0000101300937566 0.0000103347350639 0.0198013114108763
5.7599999999999998 0.0000099295044609 0.0000101300935986 0.0198013113842987
5.7700000000000005 0.0000097328870995 0.0000099295043059 0.0198013113577211
5.7800000000000002 0.0000095401630226 0.0000097328869472 0.0198013113311417
5.7900000000000000 0.0000093512551381 0.0000095401628731 0.0198013113045642
5.7999999999999998 0.0000091660878804 0.0000093512549913 0.0198013112779865
5.8100000000000005 0.0000089845871800 0.0000091660877362 0.0198013112514088
5.8200000000000003 0.0000088066804343 0.0000089845870385 0.0198013112248293
5.8300000000000001 0.0000086322964782 0.0000088066802953 0.0198013111982518
5.8399999999999999 0.0000084613655557 0.0000086322963417 0.0198013111716744
5.8500000000000005 0.0000082938192923 0.0000084613654217 0.0198013111450967
5.8600000000000003 0.0000081295906672 0.0000082938191608 0.0198013111185174
5.8700000000000001 0.0000079686139867 0.0000081295905380 0.0198013110919397
5.8799999999999999 0.0000078108248581 0.0000079686138599 0.0198013110653621
5.8899999999999997 0.0000076561601635 0.0000078108247336 0.0198013110387846
5.9000000000000004 0.0000075045580351 0.0000076561600413 0.0198013110122068
5.9100000000000001 0.0000073559578300 0.0000075045579151 0.0198013109856276
5.9199999999999999 0.0000072103001061 0.0000073559577121 0.0198013109590500
5.9299999999999997 0.0000070675265983 0.0000072102999903 0.0198013109324723
5.9400000000000004 0.0000069275801954 0.0000070675264846 0.0198013109058948
5.9500000000000002 0.0000067904049169 0.0000069275800838 0.0198013108793153
5.9600000000000000 0.0000066559458910 0.0000067904048074 0.0198013108527378
5.9699999999999998 0.0000065241493321 0.0000066559457834 0.0198013108261603
5.9800000000000004 0.0000063949625200 0.0000065241492265 0.0198013107995826
5.9900000000000002 0.0000062683337781 0.0000063949624163 0.0198013107730033
6.0000000000000000 0.0000061442124533 0.0000062683336763 0.0198013107464257
6.0099999999999998 0.0000060225488954 0.0000061442123533 0.0198013107198481
6.0200000000000005 0.0000059032944373 0.0000060225487972 0.0198013106932705
6.0300000000000002 0.0000057864013758 0.0000059032943410 0.0198013106666911
6.0400000000000000 0.0000056718229519 0.0000057864012812 0.0198013106401134
6.0499999999999998 0.0000055595133329 0.0000056718228590 0.0198013106135358
6.0600000000000005 0.0000054494275932 0.0000055595132417 0.0198013105869582
6.0700000000000003 0.0000053415216973 0.0000054494275037 0.0198013105603787
6.0800000000000001 0.0000052357524813 0.0000053415216094 0.0198013105338011
6.0899999999999999 0.0000051320776361 0.0000052357523950 0.0198013105072234
6.1000000000000005 0.0000050304556903 0.0000051320775513 0.0198013104806458
6.1100000000000003 0.0000049308459939 0.0000050304556071 0.0198013104540665
6.1200000000000001 0.0000048332087016 0.0000049308459122 0.0198013104274888
6.1299999999999999 0.0000047375047573 0.0000048332086214 0.0198013104009112
6.1400000000000006 0.0000046436958780 0.0000047375046785 0.0198013103743334
6.1500000000000004 0.0000045517445390 0.0000046436958007 0.0198013103477541
6.1600000000000001 0.0000044616139585 0.0000045517444631 0.0198013103211763
6.1699999999999999 0.0000043732680830 0.0000044616138839 0.0198013102945988
6.1799999999999997 0.0000042866715731 0.0000043732680099 0.0198013102680210
6.1900000000000004 0.0000042017897890 0.0000042866715013 0.0198013102414435
6.2000000000000002 0.0000041185887768 0.0000042017897184 0.0198013102148641
6.2100000000000000 0.0000040370352550 0.0000041185887075 0.0198013101882865
6.2199999999999998 0.0000039570966012 0.0000040370351870 0.0198013101617088
6.2300000000000004 0.0000038787408387 0.0000039570965344 0.0198013101351313
6.2400000000000002 0.0000038019366243 0.0000038787407732 0.0198013101085519
6.2500000000000000 0.0000037266532352 0.0000038019365600 0.0198013100819742
6.2599999999999998 0.0000036528605571 0.0000037266531721 0.0198013100553965
6.2700000000000005 0.0000035805290720 0.0000036528604951 0.0198013100288190
6.2800000000000002 0.0000035096298462 0.0000035805290111 0.0198013100022396
6.2900000000000000 0.0000034401345191 0.0000035096297864 0.0198013099756620
6.2999999999999998 0.0000033720152917 0.0000034401344605 0.0198013099490844
6.3100000000000005 0.0000033052449154 0.0000033720152341 0.0198013099225068
6.3200000000000003 0.0000032397966811 0.0000033052448589 0.0198013098959274
6.3300000000000001 0.0000031756444087 0.0000032397966256 0.0198013098693499
6.3399999999999999 0.0000031127624364 0.0000031756443542 0.0198013098427723
6.3500000000000005 0.0000030511256106 0.0000031127623829 0.0198013098161947
6.3600000000000003 0.0000029907092757 0.0000030511255580 0.0198013097896153
6.3700000000000001 0.0000029314892643 0.0000029907092241 0.0198013097630376
6.3799999999999999 0.0000028734418878 0.0000029314892137 0.0198013097364600
6.3900000000000006 0.0000028165439263 0.0000028734418381 0.0198013097098825
6.4000000000000004 0.0000027607726199 0.0000028165438775 0.0198013096833032
6.4100000000000001 0.0000027061056594 0.0000027607725720 0.0198013096567254
6.4199999999999999 0.0000026525211773 0.0000027061056124 0.0198013096301479
6.4299999999999997 0.0000025999977390 0.0000026525211311 0.0198013096035701
6.4400000000000004 0.0000025485143344 0.0000025999976936 0.0198013095769924
6.4500000000000002 0.0000024980503696 0.0000025485142899 0.0198013095504131
6.4600000000000000 0.0000024485856582 0.0000024980503259 0.0198013095238354
6.4699999999999998 0.0000024001004137 0.0000024485856153 0.0198013094972578
6.4800000000000004 0.0000023525752413 0.0000024001003716 0.0198013094706802
6.4900000000000002 0.0000023059911305 0.0000023525752000 0.0198013094441008
6.5000000000000000 0.0000022603294468 0.0000023059910899 0.0198013094175231
6.5099999999999998 0.0000022155719251 0.0000022603294070 0.0198013093909456
6.5200000000000005 0.0000021717006616 0.0000022155718860 0.0198013093643680
6.5300000000000002 0.0000021286981074 0.0000021717006232 0.0198013093377886
6.5400000000000000 0.0000020865470608 0.0000021286980697 0.0198013093112111
6.5499999999999998 0.0000020452306608 0.0000020865470238 0.0198013092846336
6.5600000000000005 0.0000020047323804 0.0000020452306245 0.0198013092580559
6.5700000000000003 0.0000019650360197 0.0000020047323448 0.0198013092314766
6.5800000000000001 0.0000019261256995 0.0000019650359847 0.0198013092048988
6.5899999999999999 0.0000018879858554 0.0000019261256652 0.0198013091783214
6.6000000000000005 0.0000018506012307 0.0000018879858216 0.0198013091517437
6.6100000000000003 0.0000018139568712 0.0000018506011976 0.0198013091251643
6.6200000000000001 0.0000017780381186 0.0000018139568387 0.0198013090985866
6.6299999999999999 0.0000017428306050 0.0000017780380867 0.0198013090720091
6.6400000000000006 0.0000017083202469 0.0000017428305737 0.0198013090454314
6.6500000000000004 0.0000016744932396 0.0000017083202161 0.0198013090188521
6.6600000000000001 0.0000016413360520 0.0000016744932094 0.0198013089922745
6.6699999999999999 0.0000016088354207 0.0000016413360223 0.0198013089656970
6.6799999999999997 0.0000015769783449 0.0000016088353916 0.0198013089391193
6.6900000000000004 0.0000015457520816 0.0000015769783164 0.0198013089125417
6.7000000000000002 0.0000015151441397 0.0000015457520535 0.0198013088859623
6.7100000000000000 0.0000014851422756 0.0000015151441121 0.0198013088593846
6.7199999999999998 0.0000014557344883 0.0000014851422486 0.0198013088328071
6.7300000000000004 0.0000014269090141 0.0000014557344617 0.0198013088062294
6.7400000000000002 0.0000013986543226 0.0000014269089881 0.0198013087796502
6.7500000000000000 0.0000013709591115 0.0000013986542971 0.0198013087530725
6.7599999999999998 0.0000013438123023 0.0000013709590864 0.0198013087264950
6.7700000000000005 0.0000013172030359 0.0000013438122776 0.0198013086999174
6.7800000000000002 0.0000012911206683 0.0000013172030117 0.0198013086733381
6.7900000000000000 0.0000012655547662 0.0000012911206446 0.0198013086467604
6.7999999999999998 0.0000012404951028 0.0000012655547429 0.0198013086201829
6.8100000000000005 0.0000012159316541 0.0000012404950800 0.0198013085936053
6.8200000000000003 0.0000011918545942 0.0000012159316316 0.0198013085670259
6.8300000000000001 0.0000011682542920 0.0000011918545721 0.0198013085404483
6.8399999999999999 0.0000011451213072 0.0000011682542704 0.0198013085138706
6.8500000000000005 0.0000011224463861 0.0000011451212859 0.0198013084872931
6.8600000000000003 0.0000011002204585 0.0000011224463652 0.0198013084607138
6.8700000000000001 0.0000010784346338 0.0000011002204381 0.0198013084341360
6.8799999999999999 0.0000010570801973 0.0000010784346137 0.0198013084075586
6.8900000000000006 0.0000010361486070 0.0000010570801776 0.0198013083809807
6.9000000000000004 0.0000010156314900 0.0000010361485877 0.0198013083544015
6.9100000000000001 0.0000009955206391 0.0000010156314710 0.0198013083278239
6.9199999999999999 0.0000009758080097 0.0000009955206204 0.0198013083012461
6.9299999999999997 0.0000009564857166 0.0000009758079914 0.0198013082746685
6.9400000000000004 0.0000009375460304 0.0000009564856986 0.0198013082480910
6.9500000000000002 0.0000009189813752 0.0000009375460128 0.0198013082215115
6.9600000000000000 0.0000009007843248 0.0000009189813579 0.0198013081949340
6.9699999999999998 0.0000008829476001 0.0000009007843078 0.0198013081683564
6.9800000000000004 0.0000008654640663 0.0000008829475834 0.0198013081417787
6.9900000000000002 0.0000008483267296 0.0000008654640499 0.0198013081151994
7.0000000000000000 0.0000008315287349 0.0000008483267135 0.0198013080886218
7.0099999999999998 0.0000008150633628 0.0000008315287191 0.0198013080620442
7.0200000000000005 0.0000007989240269 0.0000008150633473 0.0198013080354665
7.0300000000000002 0.0000007831042712 0.0000007989240117 0.0198013080088873
7.0400000000000000 0.0000007675977677 0.0000007831042563 0.0198013079823096
7.0499999999999998 0.0000007523983136 0.0000007675977531 0.0198013079557320
7.0600000000000005 0.0000007374998288 0.0000007523982992 0.0198013079291544
7.0700000000000003 0.0000007228963538 0.0000007374998147 0.0198013079025750
7.0800000000000001 0.0000007085820469 0.0000007228963399 0.0198013078759974
7.0899999999999999 0.0000006945511824 0.0000007085820333 0.0198013078494197
7.1000000000000005 0.0000006807981475 0.0000006945511690 0.0198013078228421
7.1100000000000003 0.0000006673174410 0.0000006807981344 0.0198013077962628
7.1200000000000001 0.0000006541036704 0.0000006673174281 0.0198013077696852
7.1299999999999999 0.0000006411515499 0.0000006541036577 0.0198013077431076
7.1400000000000006 0.0000006284558986 0.0000006411515375 0.0198013077165299
7.1500000000000004 0.0000006160116381 0.0000006284558865 0.0198013076899505
7.1600000000000001 0.0000006038137904 0.0000006160116261 0.0198013076633729
7.1699999999999999 0.0000005918574763 0.0000006038137787 0.0198013076367953
7.1799999999999997 0.0000005801379131 0.0000005918574648 0.0198013076102178
7.1900000000000004 0.0000005686504127 0.0000005801379018 0.0198013075836402
7.2000000000000002 0.0000005573903802 0.0000005686504016 0.0198013075570608
7.2100000000000000 0.0000005463533112 0.0000005573903693 0.0198013075304830
7.2199999999999998 0.0000005355347908 0.0000005463533005 0.0198013075039056
7.2300000000000004 0.0000005249304914 0.0000005355347803 0.0198013074773278
7.2400000000000002 0.0000005145361713 0.0000005249304811 0.0198013074507485
7.2500000000000000 0.0000005043476725 0.0000005145361612 0.0198013074241708
7.2599999999999998 0.0000004943609195 0.0000005043476626 0.0198013073975931
7.2700000000000005 0.0000004845719174 0.0000004943609097 0.0198013073710155
7.2800000000000002 0.0000004749767506 0.0000004845719079 0.0198013073444363
7.2900000000000000 0.0000004655715808 0.0000004749767412 0.0198013073178585
7.2999999999999998 0.0000004563526458 0.0000004655715716 0.0198013072912810
7.3100000000000005 0.0000004473162580 0.0000004563526368 0.0198013072647034
7.3200000000000003 0.0000004384588027 0.0000004473162491 0.0198013072381240
7.3300000000000001 0.0000004297767367 0.0000004384587940 0.0198013072115464
7.3399999999999999 0.0000004212665871 0.0000004297767281 0.0198013071849687
7.3500000000000005 0.0000004129249498 0.0000004212665787 0.0198013071583911
7.3600000000000003 0.0000004047484880 0.0000004129249416 0.0198013071318118
7.3700000000000001 0.0000003967339310 0.0000004047484799 0.0198013071052342
7.3799999999999999 0.0000003888780728 0.0000003967339230 0.0198013070786566
7.3900000000000006 0.0000003811777710 0.0000003888780650 0.0198013070520791
7.4000000000000004 0.0000003736299455 0.0000003811777634 0.0198013070254997
7.4100000000000001 0.0000003662315769 0.0000003736299380 0.0198013069989221
7.4199999999999999 0.0000003589797058 0.0000003662315695 0.0198013069723445
7.4299999999999997 0.0000003518714314 0.0000003589796986 0.0198013069457668
7.4400000000000004 0.0000003449039102 0.0000003518714243 0.0198013069191892
7.4500000000000002 0.0000003380743552 0.0000003449039033 0.0198013068926099
7.4600000000000000 0.0000003313800345 0.0000003380743484 0.0198013068660322
7.4699999999999998 0.0000003248182702 0.0000003313800278 0.0198013068394547
7.4800000000000004 0.0000003183864375 0.0000003248182636 0.0198013068128772
7.4900000000000002 0.0000003120819636 0.0000003183864310 0.0198013067862979
7.5000000000000000 0.0000003059023267 0.0000003120819573 0.0198013067597202
7.5099999999999998 0.0000002998450548 0.0000003059023205 0.0198013067331427
7.5200000000000005 0.0000002939077249 0.0000002998450487 0.0198013067065651
7.5300000000000002 0.0000002880879621 0.0000002939077190 0.0198013066799858
7.5400000000000000 0.0000002823834382 0.0000002880879562 0.0198013066534081
7.5499999999999998 0.0000002767918715 0.0000002823834325 0.0198013066268305
7.5600000000000005 0.0000002713110253 0.0000002767918659 0.0198013066002528
7.5700000000000003 0.0000002659387070 0.0000002713110197 0.0198013065736733
7.5800000000000001 0.0000002606727678 0.0000002659387016 0.0198013065470958
7.5899999999999999 0.0000002555111012 0.0000002606727624 0.0198013065205181
7.6000000000000005 0.0000002504516424 0.0000002555110959 0.0198013064939404
7.6100000000000003 0.0000002454923676 0.0000002504516372 0.0198013064673612
7.6200000000000001 0.0000002406312930 0.0000002454923625 0.0198013064407836
7.6299999999999999 0.0000002358664742 0.0000002406312881 0.0198013064142060
7.6400000000000006 0.0000002311960051 0.0000002358664693 0.0198013063876284
7.6500000000000004 0.0000002266180175 0.0000002311960003 0.0198013063610490
7.6600000000000001 0.0000002221306801 0.0000002266180128 0.0198013063344714
7.6699999999999999 0.0000002177321979 0.0000002221306755 0.0198013063078938
7.6799999999999997 0.0000002134208115 0.0000002177321934 0.0198013062813162
7.6900000000000004 0.0000002091947963 0.0000002134208071 0.0198013062547385
7.7000000000000002 0.0000002050524618 0.0000002091947920 0.0198013062281592
7.7100000000000000 0.0000002009921511 0.0000002050524576 0.0198013062015816
7.7199999999999998 0.0000001970122398 0.0000002009921469 0.0198013061750040
7.7300000000000004 0.0000001931111361 0.0000001970122357 0.0198013061484264
7.7400000000000002 0.0000001892872794 0.0000001931111321 0.0198013061218471
7.7500000000000000 0.0000001855391402 0.0000001892872754 0.0198013060952694
7.7599999999999998 0.0000001818652190 0.0000001855391363 0.0198013060686918
7.7700000000000005 0.0000001782640464 0.0000001818652152 0.0198013060421142
7.7800000000000002 0.0000001747341818 0.0000001782640427 0.0198013060155348
7.7900000000000000 0.0000001712742132 0.0000001747341781 0.0198013059889571
7.7999999999999998 0.0000001678827566 0.0000001712742096 0.0198013059623796
7.8100000000000005 0.0000001645584552 0.0000001678827530 0.0198013059358020
7.8200000000000003 0.0000001612999795 0.0000001645584518 0.0198013059092228
7.8300000000000001 0.0000001581060259 0.0000001612999761 0.0198013058826451
7.8399999999999999 0.0000001549753169 0.0000001581060226 0.0198013058560674
7.8500000000000005 0.0000001519066000 0.0000001549753136 0.0198013058294899
7.8600000000000003 0.0000001488986478 0.0000001519065968 0.0198013058029106
7.8700000000000001 0.0000001459502570 0.0000001488986446 0.0198013057763329
7.8799999999999999 0.0000001430602483 0.0000001459502539 0.0198013057497553
7.8900000000000006 0.0000001402274656 0.0000001430602452 0.0198013057231778
7.9000000000000004 0.0000001374507757 0.0000001402274626 0.0198013056965984
7.9100000000000001 0.0000001347290680 0.0000001374507728 0.0198013056700209
7.9199999999999999 0.0000001320612537 0.0000001347290651 0.0198013056434433
7.9300000000000006 0.0000001294462657 0.0000001320612509 0.0198013056168656
7.9400000000000004 0.0000001268830579 0.0000001294462629 0.0198013055902862
7.9500000000000002 0.0000001243706050 0.0000001268830552 0.0198013055637088
7.9600000000000000 0.0000001219079021 0.0000001243706024 0.0198013055371311
7.9699999999999998 0.0000001194939639 0.0000001219078994 0.0198013055105536
7.9800000000000004 0.0000001171278249 0.0000001194939613 0.0198013054839759
7.9900000000000002 0.0000001148085385 0.0000001171278223 0.0198013054573966
8.0000000000000000 0.0000001125351772 0.0000001148085360 0.0198013054308191
8.0099999999999998 0.0000001103068314 0.0000001125351747 0.0198013054042414
8.0199999999999996 0.0000001081226098 0.0000001103068290 0.0198013053776637
8.0299999999999994 0.0000001059816386 0.0000001081226074 0.0198013053510862
8.0400000000000009 0.0000001038830616 0.0000001059816363 0.0198013053245086
8.0500000000000007 0.0000001018260392 0.0000001038830593 0.0198013052979274
8.0600000000000005 0.0000000998097485 0.0000001018260369 0.0198013052713497
8.0700000000000003 0.0000000978333831 0.0000000998097463 0.0198013052447722
8.0800000000000001 0.0000000958961523 0.0000000978333809 0.0198013052181946
8.0899999999999999 0.0000000939972812 0.0000000958961502 0.0198013051916168
8.0999999999999996 0.0000000921360104 0.0000000939972792 0.0198013051650393
8.1099999999999994 0.0000000903115951 0.0000000921360083 0.0198013051384617
8.1200000000000010 0.0000000885233057 0.0000000903115931 0.0198013051118841
8.1300000000000008 0.0000000867704268 0.0000000885233038 0.0198013050853029
8.1400000000000006 0.0000000850522573 0.0000000867704249 0.0198013050587254
8.1500000000000004 0.0000000833681097 0.0000000850522554 0.0198013050321478
8.1600000000000001 0.0000000817173106 0.0000000833681079 0.0198013050055701
8.1699999999999999 0.0000000800991994 0.0000000817173088 0.0198013049789925
8.1799999999999997 0.0000000785131290 0.0000000800991976 0.0198013049524150
8.1899999999999995 0.0000000769584649 0.0000000785131273 0.0198013049258372
8.1999999999999993 0.0000000754345852 0.0000000769584632 0.0198013048992596
8.2100000000000009 0.0000000739408803 0.0000000754345835 0.0198013048726818
8.2200000000000006 0.0000000724767528 0.0000000739408787 0.0198013048461008
8.2300000000000004 0.0000000710416169 0.0000000724767512 0.0198013048195233
8.2400000000000002 0.0000000696348987 0.0000000710416153 0.0198013047929457
8.2500000000000000 0.0000000682560353 0.0000000696348971 0.0198013047663681
8.2599999999999998 0.0000000669044752 0.0000000682560338 0.0198013047397906
8.2699999999999996 0.0000000655796779 0.0000000669044737 0.0198013047132129
8.2799999999999994 0.0000000642811132 0.0000000655796764 0.0198013046866352
8.2900000000000009 0.0000000630082619 0.0000000642811118 0.0198013046600577
8.3000000000000007 0.0000000617606147 0.0000000630082605 0.0198013046334766
8.3100000000000005 0.0000000605376726 0.0000000617606134 0.0198013046068991
8.3200000000000003 0.0000000593389464 0.0000000605376713 0.0198013045803215
8.3300000000000001 0.0000000581639565 0.0000000593389451 0.0198013045537438
8.3399999999999999 0.0000000570122330 0.0000000581639552 0.0198013045271662
8.3499999999999996 0.0000000558833152 0.0000000570122318 0.0198013045005886
8.3599999999999994 0.0000000547767514 0.0000000558833139 0.0198013044740109
8.3700000000000010 0.0000000536920991 0.0000000547767502 0.0198013044474333
8.3800000000000008 0.0000000526289243 0.0000000536920978 0.0198013044208522
8.3900000000000006 0.0000000515868017 0.0000000526289231 0.0198013043942745
8.4000000000000004 0.0000000505653146 0.0000000515868006 0.0198013043676968
8.4100000000000001 0.0000000495640543 0.0000000505653135 0.0198013043411192
8.4199999999999999 0.0000000485826203 0.0000000495640532 0.0198013043145417
8.4299999999999997 0.0000000476206200 0.0000000485826192 0.0198013042879641
8.4399999999999995 0.0000000466776685 0.0000000476206189 0.0198013042613865
8.4499999999999993 0.0000000457533887 0.0000000466776674 0.0198013042348090
8.4600000000000009 0.0000000448474109 0.0000000457533877 0.0198013042082313
8.4700000000000006 0.0000000439593727 0.0000000448474099 0.0198013041816502
8.4800000000000004 0.0000000430889188 0.0000000439593717 0.0198013041550725
8.4900000000000002 0.0000000422357011 0.0000000430889178 0.0198013041284948
8.5000000000000000 0.0000000413993781 0.0000000422357001 0.0198013041019173
8.5099999999999998 0.0000000405796155 0.0000000413993772 0.0198013040753397
8.5199999999999996 0.0000000397760853 0.0000000405796146 0.0198013040487621
8.5299999999999994 0.0000000389884660 0.0000000397760844 0.0198013040221844
8.5400000000000009 0.0000000382164427 0.0000000389884651 0.0198013039956067
8.5500000000000007 0.0000000374597064 0.0000000382164418 0.0198013039690257
8.5600000000000005 0.0000000367179545 0.0000000374597056 0.0198013039424479
8.5700000000000003 0.0000000359908903 0.0000000367179537 0.0198013039158704
8.5800000000000001 0.0000000352782230 0.0000000359908895 0.0198013038892927
8.5899999999999999 0.0000000345796673 0.0000000352782221 0.0198013038627152
8.5999999999999996 0.0000000338949441 0.0000000345796665 0.0198013038361376
8.6099999999999994 0.0000000332237792 0.0000000338949433 0.0198013038095600
8.6200000000000010 0.0000000325659043 0.0000000332237784 0.0198013037829823
8.6300000000000008 0.0000000319210562 0.0000000325659035 0.0198013037564011
8.6400000000000006 0.0000000312889769 0.0000000319210554 0.0198013037298234
8.6500000000000004 0.0000000306694137 0.0000000312889762 0.0198013037032456
8.6600000000000001 0.0000000300621186 0.0000000306694129 0.0198013036766680
8.6699999999999999 0.0000000294668488 0.0000000300621179 0.0198013036500903
8.6799999999999997 0.0000000288833661 0.0000000294668481 0.0198013036235127
8.6899999999999995 0.0000000283114371 0.0000000288833654 0.0198013035969350
8.7000000000000011 0.0000000277508331 0.0000000283114364 0.0198013035703575
8.7100000000000009 0.0000000272013298 0.0000000277508324 0.0198013035437763
8.7200000000000006 0.0000000266627073 0.0000000272013291 0.0198013035171986
8.7300000000000004 0.0000000261347504 0.0000000266627067 0.0198013034906211
8.7400000000000002 0.0000000256172476 0.0000000261347498 0.0198013034640434
8.7500000000000000 0.0000000251099922 0.0000000256172470 0.0198013034374659
8.7599999999999998 0.0000000246127810 0.0000000251099916 0.0198013034108882
8.7699999999999996 0.0000000241254153 0.0000000246127804 0.0198013033843106
8.7799999999999994 0.0000000236477001 0.0000000241254147 0.0198013033577330
8.7900000000000009 0.0000000231794442 0.0000000236476995 0.0198013033311554
8.8000000000000007 0.0000000227204605 0.0000000231794437 0.0198013033045742
8.8100000000000005 0.0000000222705652 0.0000000227204599 0.0198013032779966
8.8200000000000003 0.0000000218295785 0.0000000222705647 0.0198013032514190
8.8300000000000001 0.0000000213973239 0.0000000218295780 0.0198013032248415
8.8399999999999999 0.0000000209736285 0.0000000213973233 0.0198013031982638
8.8499999999999996 0.0000000205583228 0.0000000209736280 0.0198013031716861
8.8599999999999994 0.0000000201512407 0.0000000205583223 0.0198013031451085
8.8700000000000010 0.0000000197522194 0.0000000201512402 0.0198013031185308
8.8800000000000008 0.0000000193610993 0.0000000197522190 0.0198013030919498
8.8900000000000006 0.0000000189777238 0.0000000193610988 0.0198013030653722
8.9000000000000004 0.0000000186019397 0.0000000189777234 0.0198013030387946
8.9100000000000001 0.0000000182335966 0.0000000186019393 0.0198013030122170
8.9199999999999999 0.0000000178725472 0.0000000182335962 0.0198013029856394
8.9299999999999997 0.0000000175186471 0.0000000178725468 0.0198013029590618
8.9399999999999995 0.0000000171717546 0.0000000175186467 0.0198013029324842
8.9500000000000011 0.0000000168317311 0.0000000171717542 0.0198013029059067
8.9600000000000009 0.0000000164984405 0.0000000168317307 0.0198013028793255
8.9700000000000006 0.0000000161717495 0.0000000164984401 0.0198013028527479
8.9800000000000004 0.0000000158515274 0.0000000161717491 0.0198013028261702
8.9900000000000002 0.0000000155376461 0.0000000158515270 0.0198013027995927
9.0000000000000000 0.0000000152299801 0.0000000155376457 0.0198013027730150
9.0099999999999998 0.0000000149284063 0.0000000152299797 0.0198013027464374
9.0199999999999996 0.0000000146328041 0.0000000149284059 0.0198013027198597
9.0299999999999994 0.0000000143430551 0.0000000146328037 0.0198013026932822
9.0400000000000009 0.0000000140590436 0.0000000143430548 0.0198013026667046
9.0500000000000007 0.0000000137806559 0.0000000140590433 0.0198013026401235
9.0600000000000005 0.0000000135077806 0.0000000137806555 0.0198013026135458
9.0700000000000003 0.0000000132403086 0.0000000135077803 0.0198013025869682
9.0800000000000001 0.0000000129781330 0.0000000132403083 0.0198013025603906
9.0899999999999999 0.0000000127211487 0.0000000129781326 0.0198013025338129
9.0999999999999996 0.0000000124692531 0.0000000127211484 0.0198013025072353
9.1099999999999994 0.0000000122223453 0.0000000124692528 0.0198013024806577
9.1200000000000010 0.0000000119803267 0.0000000122223450 0.0198013024540800
9.1300000000000008 0.0000000117431003 0.0000000119803264 0.0198013024274989
9.1400000000000006 0.0000000115105714 0.0000000117431000 0.0198013024009214
9.1500000000000004 0.0000000112826468 0.0000000115105711 0.0198013023743438
9.1600000000000001 0.0000000110592354 0.0000000112826465 0.0198013023477660
9.1699999999999999 0.0000000108402479 0.0000000110592351 0.0198013023211884
9.1799999999999997 0.0000000106255966 0.0000000108402476 0.0198013022946109
9.1899999999999995 0.0000000104151957 0.0000000106255963 0.0198013022680333
9.2000000000000011 0.0000000102089610 0.0000000104151954 0.0198013022414557
9.2100000000000009 0.0000000100068100 0.0000000102089607 0.0198013022148745
9.2200000000000006 0.0000000098086619 0.0000000100068098 0.0198013021882968
9.2300000000000004 0.0000000096144374 0.0000000098086616 0.0198013021617192
9.2400000000000002 0.0000000094240588 0.0000000096144371 0.0198013021351416
9.2500000000000000 0.0000000092374499 0.0000000094240585 0.0198013021085640
9.2599999999999998 0.0000000090545361 0.0000000092374497 0.0198013020819864
9.2699999999999996 0.0000000088752443 0.0000000090545359 0.0198013020554087
9.2799999999999994 0.0000000086995027 0.0000000088752441 0.0198013020288312
9.2900000000000009 0.0000000085272410 0.0000000086995025 0.0198013020022536
9.3000000000000007 0.0000000083583903 0.0000000085272408 0.0198013019756725
9.3100000000000005 0.0000000081928831 0.0000000083583901 0.0198013019490949
9.3200000000000003 0.0000000080306531 0.0000000081928829 0.0198013019225173
9.3300000000000001 0.0000000078716356 0.0000000080306529 0.0198013018959397
9.3399999999999999 0.0000000077157667 0.0000000078716354 0.0198013018693619
9.3499999999999996 0.0000000075629843 0.0000000077157665 0.0198013018427843
9.3599999999999994 0.0000000074132272 0.0000000075629841 0.0198013018162068
9.3700000000000010 0.0000000072664355 0.0000000074132270 0.0198013017896291
9.3800000000000008 0.0000000071225504 0.0000000072664353 0.0198013017630479
9.3900000000000006 0.0000000069815144 0.0000000071225502 0.0198013017364704
9.4000000000000004 0.0000000068432712 0.0000000069815143 0.0198013017098927
9.4100000000000001 0.0000000067077653 0.0000000068432710 0.0198013016833152
9.4199999999999999 0.0000000065749427 0.0000000067077652 0.0198013016567375
9.4299999999999997 0.0000000064447501 0.0000000065749425 0.0198013016301599
9.4399999999999995 0.0000000063171355 0.0000000064447499 0.0198013016035824
9.4500000000000011 0.0000000061920478 0.0000000063171353 0.0198013015770047
9.4600000000000009 0.0000000060694371 0.0000000061920477 0.0198013015504237
9.4700000000000006 0.0000000059492542 0.0000000060694369 0.0198013015238460
9.4800000000000004 0.0000000058314510 0.0000000059492540 0.0198013014972684
9.4900000000000002 0.0000000057159806 0.0000000058314509 0.0198013014706907
9.5000000000000000 0.0000000056027966 0.0000000057159804 0.0198013014441132
9.5099999999999998 0.0000000054918538 0.0000000056027964 0.0198013014175356
9.5199999999999996 0.0000000053831078 0.0000000054918536 0.0198013013909579
9.5299999999999994 0.0000000052765151 0.0000000053831076 0.0198013013643803
9.5400000000000009 0.0000000051720331 0.0000000052765150 0.0198013013378026
9.5500000000000007 0.0000000050696200 0.0000000051720330 0.0198013013112215
9.5600000000000005 0.0000000049692348 0.0000000050696199 0.0198013012846440
9.5700000000000003 0.0000000048708374 0.0000000049692347 0.0198013012580663
9.5800000000000001 0.0000000047743883 0.0000000048708372 0.0198013012314887
9.5899999999999999 0.0000000046798491 0.0000000047743882 0.0198013012049111
9.5999999999999996 0.0000000045871819 0.0000000046798490 0.0198013011783335
9.6099999999999994 0.0000000044963496 0.0000000045871817 0.0198013011517557
9.6200000000000010 0.0000000044073159 0.0000000044963495 0.0198013011251782
9.6300000000000008 0.0000000043200452 0.0000000044073158 0.0198013010985971
9.6400000000000006 0.0000000042345026 0.0000000043200451 0.0198013010720195
9.6500000000000004 0.0000000041506538 0.0000000042345025 0.0198013010454418
9.6600000000000001 0.0000000040684653 0.0000000041506537 0.0198013010188643
9.6699999999999999 0.0000000039879043 0.0000000040684652 0.0198013009922867
9.6799999999999997 0.0000000039089385 0.0000000039879042 0.0198013009657089
9.6899999999999995 0.0000000038315364 0.0000000039089384 0.0198013009391312
9.7000000000000011 0.0000000037556669 0.0000000038315363 0.0198013009125536
9.7100000000000009 0.0000000036812997 0.0000000037556668 0.0198013008859726
9.7200000000000006 0.0000000036084051 0.0000000036812996 0.0198013008593948
9.7300000000000004 0.0000000035369539 0.0000000036084050 0.0198013008328173
9.7400000000000002 0.0000000034669175 0.0000000035369538 0.0198013008062398
9.7500000000000000 0.0000000033982679 0.0000000034669174 0.0198013007796621
9.7599999999999998 0.0000000033309777 0.0000000033982678 0.0198013007530845
9.7699999999999996 0.0000000032650199 0.0000000033309776 0.0198013007265069
9.7799999999999994 0.0000000032003682 0.0000000032650198 0.0198013006999294
9.7900000000000009 0.0000000031369967 0.0000000032003681 0.0198013006733517
9.8000000000000007 0.0000000030748800 0.0000000031369966 0.0198013006467707
9.8100000000000005 0.0000000030139933 0.0000000030748799 0.0198013006201930
9.8200000000000003 0.0000000029543122 0.0000000030139932 0.0198013005936155
9.8300000000000001 0.0000000028958129 0.0000000029543121 0.0198013005670378
9.8399999999999999 0.0000000028384720 0.0000000028958128 0.0198013005404603
9.8499999999999996 0.0000000027822664 0.0000000028384719 0.0198013005138827
9.8599999999999994 0.0000000027271739 0.0000000027822664 0.0198013004873049
9.8700000000000010 0.0000000026731722 0.0000000027271738 0.0198013004607273
9.8800000000000008 0.0000000026202399 0.0000000026731721 0.0198013004341462
9.8900000000000006 0.0000000025683556 0.0000000026202398 0.0198013004075686
9.9000000000000004 0.0000000025174988 0.0000000025683556 0.0198013003809909
9.9100000000000001 0.0000000024676490 0.0000000025174987 0.0198013003544133
9.9199999999999999 0.0000000024187862 0.0000000024676489 0.0198013003278358
9.9299999999999997 0.0000000023708911 0.0000000024187862 0.0198013003012581
9.9399999999999995 0.0000000023239443 0.0000000023708910 0.0198013002746805
9.9500000000000011 0.0000000022779271 0.0000000023239442 0.0198013002481031
9.9600000000000009 0.0000000022328211 0.0000000022779270 0.0198013002215219
9.9700000000000006 0.0000000021886083 0.0000000022328211 0.0198013001949443
9.9800000000000004 0.0000000021452710 0.0000000021886082 0.0198013001683667
9.9900000000000002 0.0000000021027917 0.0000000021452709 0.0198013001417892
10.0000000000000000 0.0000000020611537 0.0000000021027917 0.0198013001152115
