0.0000000000000000 1.0000000000000000 1.0000000000000000 0.0000000000000000
0.0100000000000000 0.9994787333333334 0.9992261156134618 0.0002528133681900
0.0200000000000000 0.9975199173305205 0.9970046558810272 0.0005168094717050
0.0300000000000000 0.9942591182363375 0.9934767577568139 0.0007874975165903
0.0400000000000000 0.9898213277740423 0.9887721161576174 0.0010611258138045
0.0500000000000000 0.9843217531533355 0.9830098753693995 0.0013345519885474
0.0600000000000000 0.9778665487216819 0.9762994516874963 0.0016051397258053
0.0700000000000000 0.9705534935564993 0.9687412925821363 0.0018706758845106
0.0800000000000000 0.9624726189795085 0.9604275772739322 0.0021293033998263
0.0900000000000000 0.9537067896815884 0.9514428632283721 0.0023794665352100
0.1000000000000000 0.9443322418750820 0.9418646827315685 0.0026198658775029
0.1100000000000000 0.9344190816390635 0.9317640933894441 0.0028494210803525
0.1200000000000000 0.9240317463901382 0.9212061860970340 0.0030672398163928
0.1300000000000000 0.9132294321955478 0.9102505537518283 0.0032725917401986
0.1400000000000000 0.9020664894454244 0.8989517237332875 0.0034648865227173
0.1500000000000000 0.8905927892158212 0.8873595569382231 0.0036436552154283
0.1600000000000000 0.8788540624825519 0.8755196159471899 0.0038085343544869
0.1700000000000000 0.8668922141869068 0.8634735046989609 0.0039592523329801
0.1800000000000000 0.8547456140070326 0.8512591818673342 0.0040956176614161
0.1900000000000000 0.8424493655523311 0.8389112499657362 0.0042175088088751
0.2000000000000000 0.8300355555718236 0.8264612220493007 0.0043248653743971
0.2100000000000000 0.8175334846503313 0.8139377677402724 0.0044176803836510
0.2200000000000000 0.8049698807578286 0.8013669401698383 0.0044959935422675
0.2300000000000000 0.7923690969168278 0.7887723853069276 0.0045598853064571
0.2400000000000000 0.7797532941595350 0.7761755350314044 0.0046094716551274
0.2500000000000000 0.7671426108602623 0.7635957852046403 0.0046448994668971
0.2600000000000000 0.7545553194486628 0.7510506598940651 0.0046663424210187
0.2700000000000000 0.7420079714353236 0.7385559628192987 0.0046739973540360
0.2800000000000000 0.7295155316126610 0.7261259170053355 0.0046680810145228
0.2900000000000000 0.7170915022305246 0.7137732935524155 0.0046488271669491
0.3000000000000000 0.7047480378870484 0.7015095303622312 0.0046164840029258
0.3100000000000000 0.6924960518207532 0.6893448415955006 0.0045713118240780
0.3200000000000000 0.6803453142393839 0.6772883185762981 0.0045135809658017
0.3300000000000000 0.6683045432741588 0.6653480228034702 0.0044435699353719
0.3400000000000000 0.6563814891047489 0.6535310716786518 0.0043615637413774
0.3500000000000000 0.6445830117601358 0.6418437175134734 0.0042678523944653
0.3600000000000000 0.6329151530632803 0.6302914203352510 0.0041627295618807
0.3700000000000000 0.6213832031530632 0.6188789149704705 0.0040464913604499
0.3800000000000000 0.6099917619850159 0.6076102728484795 0.0039194352744762
0.3900000000000000 0.5987447961827750 0.5964889589337338 0.0037818591865869
0.4000000000000000 0.5876456915847815 0.5855178841635067 0.0036340605109179
0.4100000000000000 0.5766973018053551 0.5746994537389403 0.0034763354191778
0.4200000000000000 0.5659019931057450 0.5640356115905268 0.0033089781511403
0.4300000000000000 0.5552616858489722 0.5535278813143781 0.0031322804019863
0.4400000000000000 0.5447778927920833 0.5431774038528111 0.0029465307796676
0.4500000000000000 0.5344517544507359 0.5329849721717013 0.0027520143261415
0.4600000000000000 0.5242840717537096 0.5229510631676098 0.0025490120968979
0.4700000000000000 0.5142753361888854 0.5130758670197291 0.0023378007937182
0.4800000000000000 0.5044257576273655 0.5033593141851195 0.0021186524460613
0.4900000000000000 0.4947352899986331 0.4938011002204093 0.0018918341368759
0.5000000000000000 0.4852036549768911 0.4844007085990117 0.0016576077689929
0.5100000000000000 0.4758303638268947 0.4751574316798693 0.0014162298685855
0.5200000000000000 0.4666147375466472 0.4660703899717126 0.0011679514224613
0.5300000000000000 0.4575559254341778 0.4571385498257057 0.0009130177462199
0.5400000000000000 0.4486529221962296 0.4483607396791042 0.0006516683805422
0.5500000000000000 0.4399045837079739 0.4397356649630833 0.0003841370130958
0.5600000000000001 0.4313096415248088 0.4312619217791635 0.0001106514237297
0.5700000000000001 0.4228667162398252 0.4229380094405962 0.0001685665491858
0.5800000000000000 0.4145743297736063 0.4147623419676278 0.0004533010232549
0.5900000000000000 0.4064309166766136 0.4067332586186951 0.0007433420692183
0.6000000000000000 0.3984348345184784 0.3988490335332628 0.0010384856924816
0.6100000000000000 0.3905843734330127 0.3911078845561597 0.0013385338005680
0.6200000000000000 0.3828777648826608 0.3835079813078723 0.0016432941579529
0.6300000000000000 0.3753131897013938 0.3760474525602640 0.0019525803296128
0.6400000000000000 0.3678887854706740 0.3687243929725902 0.0022662116145334
0.6500000000000000 0.3606026532790697 0.3615368692384298 0.0025840129703176
0.6600000000000000 0.3534528639123486 0.3544829256902340 0.0029058149299566
0.6700000000000000 0.3464374635174025 0.3475605894045735 0.0032314535117320
0.6800000000000000 0.3395544787801380 0.3407678748478282 0.0035607701231581
0.6900000000000001 0.3328019216544888 0.3341027880989785 0.0038936114597891
0.7000000000000001 0.3261777936769395 0.3275633306833143 0.0042298293996598
0.7100000000000000 0.3196800898983979 0.3211475030482501 0.0045692808940562
0.7200000000000000 0.3133068024628811 0.3148533077100142 0.0049118278552676
0.7300000000000000 0.3070559238602870 0.3086787520977409 0.0052573370419097
0.7400000000000000 0.3009254498784921 0.3026218511194324 0.0056056799423606
0.7500000000000000 0.2949133822781320 0.2966806294723510 0.0059567326568034
0.7600000000000000 0.2890177312116797 0.2908531237186456 0.0063103757783305
0.7700000000000000 0.2832365174068220 0.2851373841453930 0.0066664942735174
0.7800000000000000 0.2775677741326379 0.2795314764267379 0.0070249773628434
0.7900000000000000 0.2720095489656996 0.2740334831044344 0.0073857184012927
0.8000000000000000 0.2665599053719343 0.2686415049018159 0.0077486147594444
0.8100000000000001 0.2612169241188952 0.2633536618850447 0.0081135677053248
0.8200000000000001 0.2559787045319936 0.2581680944844069 0.0084804822872704
0.8300000000000001 0.2508433656072229 0.2530829643874152 0.0088492672180180
0.8400000000000000 0.2458090469919636 0.2480964553145606 0.0092198347602218
0.8500000000000000 0.2408739098445845 0.2432067736876979 0.0095921006135672
0.8600000000000000 0.2360361375827465 0.2384121492002661 0.0099659838036347
0.8700000000000000 0.2312939365295680 0.2337108352978155 0.0103414065726463
0.8800000000000000 0.2266455364661159 0.2291011095766480 0.0107182942722087
0.8900000000000000 0.2220891910980446 0.2245812741077526 0.0110965752581507
0.9000000000000000 0.2176231784436128 0.2201496556926565 0.0114761807875404
0.9100000000000000 0.2132458011497557 0.2158046060572767 0.0118570449179473
0.9200000000000000 0.2089553867423820 0.2115445019893814 0.0122391044090070
0.9300000000000000 0.2047502878165929 0.2073677454248144 0.0126222986263335
0.9400000000000001 0.2006288821720849 0.2032727634872300 0.0130065694478110
0.9500000000000001 0.1965895728985926 0.1992580084856999 0.0133918611722890
0.9600000000000000 0.1926307884158558 0.1953219578742063 0.0137781204306978
0.9700000000000000 0.1887509824722471 0.1914631141767087 0.0141652960995845
0.9800000000000000 0.1849486341058763 0.1876800048811750 0.0145533392170783
0.9900000000000000 0.1812222475716944 0.1839711823056921 0.0149422029012672
1.0000000000000000 0.1775703522378394 0.1803352234395161 0.0153318422709804
1.0100000000000000 0.1739915024542197 0.1767707297616894 0.0157222143689538
1.0200000000000000 0.1704842773960900 0.1732763270396354 0.0161132780873563
1.0300000000000000 0.1670472808851614 0.1698506651099428 0.0165049940956475
1.0400000000000000 0.1636791411905830 0.1664924176433680 0.0168973247707358
1.0500000000000000 0.1603785108119508 0.1632002818959163 0.0172902341294058
1.0600000000000001 0.1571440662463220 0.1599729784477031 0.0176836877629674
1.0700000000000001 0.1539745077410588 0.1568092509311587 0.0180776527740985
1.0800000000000001 0.1508685590341769 0.1537078657500025 0.0184720977158294
1.0900000000000001 0.1478249670837362 0.1506676117902925 0.0188669925326278
1.1000000000000001 0.1448425017876887 0.1476873001247467 0.0192623085035414
1.1100000000000001 0.1419199556954792 0.1447657637114234 0.0196580181873454
1.1200000000000001 0.1390561437125903 0.1419018570877590 0.0200540953696524
1.1300000000000001 0.1362499027991193 0.1390944560608685 0.0204505150119315
1.1400000000000001 0.1335000916633893 0.1363424573949380 0.0208472532023926
1.1500000000000001 0.1308055904515045 0.1336447784964593 0.0212442871086800
1.1599999999999999 0.1281653004336883 0.1310003570979937 0.0216415949323304
1.1699999999999999 0.1255781436881654 0.1284081509410853 0.0220391558649441
1.1799999999999999 0.1230430627832858 0.1258671374588863 0.0224369500460196
1.1899999999999999 0.1205590204585241 0.1233763134590076 0.0228349585224034
1.2000000000000000 0.1181249993049336 0.1209346948070531 0.0232331632093023
1.2100000000000000 0.1157400014455791 0.1185413161112568 0.0236315468528173
1.2200000000000000 0.1134030482164256 0.1161952304085967 0.0240300929939415
1.2300000000000000 0.1111131798481167 0.1138955088527221 0.0244287859339845
1.2400000000000000 0.1088694551490312 0.1116412404039996 0.0248276107013687
1.2500000000000000 0.1066709511899726 0.1094315315219442 0.0252265530197582
1.2600000000000000 0.1045167629908097 0.1072655058602804 0.0256255992774707
1.2700000000000000 0.1024060032093529 0.1051423039648444 0.0260247364981313
1.2800000000000000 0.1003378018327234 0.1030610829745191 0.0264239523125238
1.2900000000000000 0.0983113058714430 0.1010210163253672 0.0268232349315993
1.3000000000000000 0.0963256790564497 0.0990212934581090 0.0272225731205960
1.3100000000000001 0.0943801015392175 0.0970611195290721 0.0276219561742385
1.3200000000000001 0.0924737695951415 0.0951397151247219 0.0280213738929689
1.3300000000000001 0.0906058953303268 0.0932563159798685 0.0284208165601766
1.3400000000000001 0.0887757063919030 0.0914101726996264 0.0288202749203883
1.3500000000000001 0.0869824456819704 0.0896005504851960 0.0292197401583832
1.3600000000000001 0.0852253710752669 0.0878267288635183 0.0296192038791957
1.3700000000000001 0.0835037551406324 0.0860880014208480 0.0300186580889750
1.3800000000000001 0.0818168848663348 0.0843836755402759 0.0304180951766673
1.3900000000000001 0.0801640613893083 0.0827130721432248 0.0308175078964859
1.4000000000000001 0.0785445997283471 0.0810755254349354 0.0312168893511443
1.4099999999999999 0.0769578285212840 0.0794703826539485 0.0316162329758164
1.4199999999999999 0.0754030897661791 0.0778970038255856 0.0320155325227970
1.4299999999999999 0.0738797385665318 0.0763547615194222 0.0324147820468377
1.4399999999999999 0.0723871428805237 0.0748430406107430 0.0328139758911243
1.4500000000000000 0.0709246832742935 0.0733612380459642 0.0332131086738758
1.4600000000000000 0.0694917526792392 0.0719087626120008 0.0336121752755377
1.4700000000000000 0.0680877561533345 0.0704850347095560 0.0340111708265421
1.4800000000000000 0.0667121106464470 0.0690894861303043 0.0344100906956176
1.4900000000000000 0.0653642447696345 0.0677215598379369 0.0348089304786191
1.5000000000000000 0.0640435985683979 0.0663807097530342 0.0352076859878627
1.5100000000000000 0.0627496232998608 0.0650664005417309 0.0356063532419360
1.5200000000000000 0.0614817812138455 0.0637781074081328 0.0360049284559747
1.5300000000000000 0.0602395453378115 0.0625153158904442 0.0364034080323757
1.5400000000000000 0.0590223992656184 0.0612775216607643 0.0368017885519327
1.5500000000000000 0.0578298369500764 0.0600642303285079 0.0372000667653772
1.5600000000000001 0.0566613624992414 0.0588749572474038 0.0375982395853043
1.5700000000000001 0.0555164899764125 0.0577092273260257 0.0379963040784698
1.5800000000000001 0.0543947432037882 0.0565665748418066 0.0383942574584406
1.5900000000000001 0.0532956555697344 0.0554465432584895 0.0387920970785818
1.6000000000000001 0.0522187698396187 0.0543486850469643 0.0391898204253716
1.6100000000000001 0.0511636379701614 0.0532725615094419 0.0395874251120198
1.6200000000000001 0.0501298209272567 0.0522177426069161 0.0399849088723886
1.6300000000000001 0.0491168885072127 0.0511838067898617 0.0403822695551899
1.6400000000000001 0.0481244191613618 0.0501703408321200 0.0407795051184576
1.6500000000000001 0.0471519998239905 0.0491769396679208 0.0411766136242754
1.6600000000000001 0.0461992257435384 0.0482032062319898 0.0415735932337525
1.6699999999999999 0.0452657003170154 0.0472487513026927 0.0419704422022337
1.6799999999999999 0.0443510349275862 0.0463131933481642 0.0423671588747355
1.6899999999999999 0.0434548487852719 0.0453961583753733 0.0427637416815978
1.7000000000000000 0.0425767687707169 0.0444972797820748 0.0431601891343381
1.7100000000000000 0.0417164292819709 0.0436161982115978 0.0435564998217051
1.7200000000000000 0.0408734720842358 0.0427525614104218 0.0439526724059151
1.7300000000000000 0.0400475461625268 0.0419060240884931 0.0443487056190720
1.7400000000000000 0.0392383075771982 0.0410762477822322 0.0447445982597513
1.7500000000000000 0.0384454193222834 0.0402629007201850 0.0451403491897533
1.7600000000000000 0.0376685511866018 0.0394656576912716 0.0455359573310058
1.7700000000000000 0.0369073796175812 0.0386841999155850 0.0459314216626177
1.7800000000000000 0.0361615875877502 0.0379182149176934 0.0463267412180717
1.7900000000000000 0.0354308644638504 0.0371673964024031 0.0467219150825545
1.8000000000000000 0.0347149058785227 0.0364314441329337 0.0471169423904120
1.8100000000000001 0.0340134136045203 0.0357100638114638 0.0475118223227275
1.8200000000000001 0.0333260954314021 0.0350029669620035 0.0479065541050193
1.8300000000000001 0.0326526650446614 0.0343098708155486 0.0483011370050447
1.8400000000000001 0.0319928419072441 0.0336304981974763 0.0486955703307146
1.8500000000000001 0.0313463511434130 0.0329645774171399 0.0490898534281053
1.8600000000000001 0.0307129234249132 0.0323118421596204 0.0494839856795701
1.8700000000000001 0.0300922948593965 0.0316720313795963 0.0498779665019387
1.8800000000000001 0.0294842068810613 0.0310448891972897 0.0502717953448071
1.8900000000000001 0.0288884061434673 0.0304301647964507 0.0506654716889102
1.9000000000000001 0.0283046444144818 0.0298276123243417 0.0510589950445713
1.9100000000000001 0.0277326784733190 0.0292369907936820 0.0514523649502308
1.9199999999999999 0.0271722700096312 0.0286580639865175 0.0518455809710442
1.9299999999999999 0.0266231855246122 0.0280906003599767 0.0522386426975481
1.9399999999999999 0.0260851962340756 0.0275343729538784 0.0526315497443953
1.9500000000000000 0.0255580779734676 0.0269891593001549 0.0530243017491476
1.9600000000000000 0.0250416111047801 0.0264547413340559 0.0534168983711304
1.9700000000000000 0.0245355804253234 0.0259309053070988 0.0538093392903423
1.9800000000000000 0.0240397750783260 0.0254174417017319 0.0542016242064195
1.9900000000000000 0.0235539884653236 0.0249141451476772 0.0545937528376494
2.0000000000000000 0.0230780181603025 0.0244208143399207 0.0549857249200348
